block_number,timestamp_ms,blob_count,blob_gas_used,excess_blob_gas
22399544,1746230411000,1,131072,1835008
22399545,1746230423000,1,131072,1572864
22399546,1746230435000,4,524288,1310720
22399547,1746230447000,6,786432,1441792
22399548,1746230459000,0,0,1835008
22399549,1746230471000,4,524288,1441792
22399550,1746230483000,0,0,1572864
22399551,1746230495000,6,786432,1179648
22399552,1746230507000,6,786432,1572864
22399553,1746230519000,5,655360,1966080
22399554,1746230531000,4,524288,2228224
22399555,1746230543000,2,262144,2359296
22399556,1746230555000,0,0,2228224
22399557,1746230567000,6,786432,1835008
22399558,1746230579000,0,0,2228224
22399559,1746230591000,0,0,1835008
22399560,1746230603000,4,524288,1441792
22399561,1746230615000,6,786432,1572864
22399562,1746230627000,0,0,1966080
22399563,1746230639000,6,786432,1572864
22399564,1746230651000,5,655360,1966080
22399565,1746230663000,3,393216,2228224
22399566,1746230675000,1,131072,2228224
22399567,1746230687000,3,393216,1966080
22399568,1746230699000,5,655360,1966080
22399569,1746230711000,1,131072,2228224
22399570,1746230723000,6,786432,1966080
22399571,1746230735000,4,524288,2359296
22399572,1746230747000,1,131072,2490368
22399573,1746230759000,1,131072,2228224
22399574,1746230771000,5,655360,1966080
22399575,1746230783000,0,0,2228224
22399576,1746230795000,0,0,1835008
22399577,1746230807000,4,524288,1441792
22399578,1746230819000,5,655360,1572864
22399579,1746230831000,0,0,1835008
22399580,1746230843000,6,786432,1441792
22399581,1746230855000,0,0,1835008
22399582,1746230867000,6,786432,1441792
22399583,1746230879000,6,786432,1835008
22399584,1746230891000,0,0,2228224
22399585,1746230903000,6,786432,1835008
22399586,1746230915000,0,0,2228224
22399587,1746230927000,0,0,1835008
22399588,1746230939000,4,524288,1441792
22399589,1746230951000,6,786432,1572864
22399590,1746230963000,6,786432,1966080
22399591,1746230975000,6,786432,2359296
22399592,1746230987000,5,655360,2752512
22399593,1746230999000,0,0,3014656
22399594,1746231011000,4,524288,2621440
22399595,1746231023000,6,786432,2752512
22399596,1746231035000,6,786432,3145728
22399597,1746231047000,0,0,3538944
22399598,1746231059000,0,0,3145728
22399599,1746231071000,2,262144,2752512
22399600,1746231083000,6,786432,2621440
22399601,1746231095000,6,786432,3014656
22399602,1746231107000,1,131072,3407872
22399603,1746231119000,2,262144,3145728
22399604,1746231131000,0,0,3014656
22399605,1746231143000,6,786432,2621440
22399606,1746231155000,6,786432,3014656
22399607,1746231167000,0,0,3407872
22399608,1746231179000,3,393216,3014656
22399609,1746231191000,2,262144,3014656
22399610,1746231203000,1,131072,2883584
22399611,1746231215000,0,0,2621440
22399612,1746231227000,0,0,2228224
22399613,1746231239000,5,655360,1835008
22399614,1746231251000,6,786432,2097152
22399615,1746231263000,4,524288,2490368
22399616,1746231275000,0,0,2621440
22399617,1746231287000,5,655360,2228224
22399618,1746231299000,0,0,2490368
22399619,1746231311000,3,393216,2097152
22399620,1746231323000,6,786432,2097152
22399621,1746231335000,4,524288,2490368
22399622,1746231347000,6,786432,2621440
22399623,1746231359000,6,786432,3014656
22399624,1746231371000,1,131072,3407872
22399625,1746231383000,3,393216,3145728
22399626,1746231395000,3,393216,3145728
22399627,1746231407000,1,131072,3145728
22399628,1746231419000,1,131072,2883584
22399629,1746231431000,5,655360,2621440
22399630,1746231443000,4,524288,2883584
22399631,1746231455000,1,131072,3014656
22399632,1746231467000,0,0,2752512
22399633,1746231479000,1,131072,2359296
22399634,1746231491000,6,786432,2097152
22399635,1746231503000,2,262144,2490368
22399636,1746231515000,6,786432,2359296
22399637,1746231527000,1,131072,2752512
22399638,1746231539000,3,393216,2490368
22399639,1746231551000,0,0,2490368
22399640,1746231563000,5,655360,2097152
22399641,1746231575000,3,393216,2359296
22399642,1746231587000,1,131072,2359296
22399643,1746231599000,6,786432,2097152
22399644,1746231611000,1,131072,2490368
22399645,1746231623000,6,786432,2228224
22399646,1746231635000,0,0,2621440
22399647,1746231647000,6,786432,2228224
22399648,1746231659000,1,131072,2621440
22399649,1746231671000,1,131072,2359296
22399650,1746231683000,1,131072,2097152
22399651,1746231695000,5,655360,1835008
22399652,1746231707000,3,393216,2097152
22399653,1746231719000,2,262144,2097152
22399654,1746231731000,3,393216,1966080
22399655,1746231743000,4,524288,1966080
22399656,1746231755000,1,131072,2097152
22399657,1746231767000,6,786432,1835008
22399658,1746231779000,0,0,2228224
22399659,1746231791000,4,524288,1835008
22399660,1746231803000,4,524288,1966080
22399661,1746231815000,5,655360,2097152
22399662,1746231827000,6,786432,2359296
22399663,1746231839000,4,524288,2752512
22399664,1746231863000,0,0,2883584
22399665,1746231875000,6,786432,2490368
22399666,1746231887000,0,0,2883584
22399667,1746231899000,0,0,2490368
22399668,1746231911000,5,655360,2097152
22399669,1746231923000,0,0,2359296
22399670,1746231935000,4,524288,1966080
22399671,1746231947000,5,655360,2097152
22399672,1746231959000,6,786432,2359296
22399673,1746231971000,6,786432,2752512
22399674,1746231983000,1,131072,3145728
22399675,1746231995000,4,524288,2883584
22399676,1746232007000,0,0,3014656
22399677,1746232019000,0,0,2621440
22399678,1746232031000,0,0,2228224
22399679,1746232043000,0,0,1835008
22399680,1746232055000,0,0,1441792
22399681,1746232067000,4,524288,1048576
22399682,1746232091000,6,786432,1179648
22399683,1746232103000,5,655360,1572864
22399684,1746232115000,6,786432,1835008
22399685,1746232127000,0,0,2228224
22399686,1746232139000,6,786432,1835008
22399687,1746232151000,6,786432,2228224
22399688,1746232163000,3,393216,2621440
22399689,1746232175000,5,655360,2621440
22399690,1746232187000,6,786432,2883584
22399691,1746232199000,0,0,3276800
22399692,1746232211000,4,524288,2883584
22399693,1746232223000,3,393216,3014656
22399694,1746232235000,0,0,3014656
22399695,1746232247000,6,786432,2621440
22399696,1746232259000,3,393216,3014656
22399697,1746232271000,0,0,3014656
22399698,1746232283000,3,393216,2621440
22399699,1746232295000,1,131072,2621440
22399700,1746232307000,0,0,2359296
22399701,1746232319000,5,655360,1966080
22399702,1746232331000,6,786432,2228224
22399703,1746232343000,6,786432,2621440
22399704,1746232355000,0,0,3014656
22399705,1746232367000,4,524288,2621440
22399706,1746232379000,5,655360,2752512
22399707,1746232391000,1,131072,3014656
22399708,1746232403000,6,786432,2752512
22399709,1746232415000,1,131072,3145728
22399710,1746232427000,4,524288,2883584
22399711,1746232439000,0,0,3014656
22399712,1746232451000,0,0,2621440
22399713,1746232463000,5,655360,2228224
22399714,1746232475000,4,524288,2490368
22399715,1746232487000,0,0,2621440
22399716,1746232499000,0,0,2228224
22399717,1746232511000,0,0,1835008
22399718,1746232523000,0,0,1441792
22399719,1746232535000,6,786432,1048576
22399720,1746232547000,5,655360,1441792
22399721,1746232559000,0,0,1703936
22399722,1746232571000,1,131072,1310720
22399723,1746232583000,4,524288,1048576
22399724,1746232595000,2,262144,1179648
22399725,1746232607000,1,131072,1048576
22399726,1746232619000,6,786432,786432
22399727,1746232631000,0,0,1179648
22399728,1746232643000,3,393216,786432
22399729,1746232655000,1,131072,786432
22399730,1746232667000,4,524288,524288
22399731,1746232679000,0,0,655360
22399732,1746232691000,6,786432,262144
22399733,1746232703000,0,0,655360
22399734,1746232715000,6,786432,262144
22399735,1746232727000,1,131072,655360
22399736,1746232739000,1,131072,393216
22399737,1746232751000,4,524288,131072
22399738,1746232763000,0,0,262144
22399739,1746232775000,0,0,0
22399740,1746232787000,6,786432,0
22399741,1746232799000,1,131072,393216
22399742,1746232811000,5,655360,131072
22399743,1746232823000,5,655360,393216
22399744,1746232835000,6,786432,655360
22399745,1746232847000,2,262144,1048576
22399746,1746232859000,0,0,917504
22399747,1746232871000,6,786432,524288
22399748,1746232883000,4,524288,917504
22399749,1746232895000,6,786432,1048576
22399750,1746232907000,4,524288,1441792
22399751,1746232919000,1,131072,1572864
22399752,1746232931000,0,0,1310720
22399753,1746232943000,0,0,917504
22399754,1746232955000,1,131072,524288
22399755,1746232967000,4,524288,262144
22399756,1746232979000,5,655360,393216
22399757,1746232991000,0,0,655360
22399758,1746233003000,6,786432,262144
22399759,1746233015000,0,0,655360
22399760,1746233027000,6,786432,262144
22399761,1746233039000,6,786432,655360
22399762,1746233051000,3,393216,1048576
22399763,1746233063000,0,0,1048576
22399764,1746233075000,4,524288,655360
22399765,1746233087000,1,131072,786432
22399766,1746233099000,6,786432,524288
22399767,1746233111000,1,131072,917504
22399768,1746233123000,1,131072,655360
22399769,1746233135000,0,0,393216
22399770,1746233147000,4,524288,0
22399771,1746233159000,5,655360,131072
22399772,1746233171000,3,393216,393216
22399773,1746233183000,1,131072,393216
22399774,1746233195000,0,0,131072
22399775,1746233207000,6,786432,0
22399776,1746233219000,6,786432,393216
22399777,1746233231000,2,262144,786432
22399778,1746233243000,4,524288,655360
22399779,1746233255000,0,0,786432
22399780,1746233267000,0,0,393216
22399781,1746233279000,0,0,0
22399782,1746233291000,4,524288,0
22399783,1746233303000,6,786432,131072
22399784,1746233315000,6,786432,524288
22399785,1746233327000,0,0,917504
22399786,1746233339000,6,786432,524288
22399787,1746233351000,5,655360,917504
22399788,1746233363000,4,524288,1179648
22399789,1746233375000,6,786432,1310720
22399790,1746233387000,1,131072,1703936
22399791,1746233399000,6,786432,1441792
22399792,1746233411000,1,131072,1835008
22399793,1746233423000,1,131072,1572864
22399794,1746233435000,6,786432,1310720
22399795,1746233447000,3,393216,1703936
22399796,1746233459000,2,262144,1703936
22399797,1746233471000,0,0,1572864
22399798,1746233483000,1,131072,1179648
22399799,1746233495000,0,0,917504
22399800,1746233507000,6,786432,524288
22399801,1746233519000,5,655360,917504
22399802,1746233531000,1,131072,1179648
22399803,1746233543000,0,0,917504
22399804,1746233555000,6,786432,524288
22399805,1746233567000,0,0,917504
22399806,1746233579000,5,655360,524288
22399807,1746233591000,6,786432,786432
22399808,1746233603000,0,0,1179648
22399809,1746233615000,4,524288,786432
22399810,1746233627000,6,786432,917504
22399811,1746233639000,1,131072,1310720
22399812,1746233651000,0,0,1048576
22399813,1746233663000,4,524288,655360
22399814,1746233675000,6,786432,786432
22399815,1746233687000,6,786432,1179648
22399816,1746233699000,0,0,1572864
22399817,1746233711000,0,0,1179648
22399818,1746233723000,5,655360,786432
22399819,1746233735000,3,393216,1048576
22399820,1746233747000,6,786432,1048576
22399821,1746233759000,1,131072,1441792
22399822,1746233771000,6,786432,1179648
22399823,1746233783000,2,262144,1572864
22399824,1746233795000,6,786432,1441792
22399825,1746233807000,5,655360,1835008
22399826,1746233819000,1,131072,2097152
22399827,1746233831000,3,393216,1835008
22399828,1746233843000,0,0,1835008
22399829,1746233855000,0,0,1441792
22399830,1746233867000,6,786432,1048576
22399831,1746233891000,4,524288,1441792
22399832,1746233903000,1,131072,1572864
22399833,1746233915000,0,0,1310720
22399834,1746233927000,5,655360,917504
22399835,1746233939000,4,524288,1179648
22399836,1746233951000,4,524288,1310720
22399837,1746233963000,0,0,1441792
22399838,1746233975000,1,131072,1048576
22399839,1746233987000,6,786432,786432
22399840,1746233999000,5,655360,1179648
22399841,1746234011000,1,131072,1441792
22399842,1746234023000,0,0,1179648
22399843,1746234035000,0,0,786432
22399844,1746234047000,6,786432,393216
22399845,1746234059000,4,524288,786432
22399846,1746234071000,0,0,917504
22399847,1746234083000,0,0,524288
22399848,1746234095000,1,131072,131072
22399849,1746234107000,0,0,0
22399850,1746234119000,6,786432,0
22399851,1746234131000,0,0,393216
22399852,1746234143000,6,786432,0
22399853,1746234155000,4,524288,393216
22399854,1746234167000,6,786432,524288
22399855,1746234179000,1,131072,917504
22399856,1746234191000,5,655360,655360
22399857,1746234203000,1,131072,917504
22399858,1746234215000,0,0,655360
22399859,1746234227000,6,786432,262144
22399860,1746234239000,0,0,655360
22399861,1746234251000,0,0,262144
22399862,1746234263000,5,655360,0
22399863,1746234275000,6,786432,262144
22399864,1746234287000,6,786432,655360
22399865,1746234299000,0,0,1048576
22399866,1746234311000,3,393216,655360
22399867,1746234323000,4,524288,655360
22399868,1746234335000,5,655360,786432
22399869,1746234347000,1,131072,1048576
22399870,1746234359000,0,0,786432
22399871,1746234371000,3,393216,393216
22399872,1746234383000,5,655360,393216
22399873,1746234395000,6,786432,655360
22399874,1746234407000,0,0,1048576
22399875,1746234419000,1,131072,655360
22399876,1746234431000,3,393216,393216
22399877,1746234443000,0,0,393216
22399878,1746234455000,2,262144,0
22399879,1746234467000,0,0,0
22399880,1746234479000,5,655360,0
22399881,1746234491000,5,655360,262144
22399882,1746234503000,4,524288,524288
22399883,1746234515000,1,131072,655360
22399884,1746234527000,0,0,393216
22399885,1746234539000,6,786432,0
22399886,1746234551000,6,786432,393216
22399887,1746234563000,3,393216,786432
22399888,1746234575000,6,786432,786432
22399889,1746234587000,5,655360,1179648
22399890,1746234599000,0,0,1441792
22399891,1746234611000,6,786432,1048576
22399892,1746234623000,0,0,1441792
22399893,1746234635000,4,524288,1048576
22399894,1746234647000,6,786432,1179648
22399895,1746234659000,2,262144,1572864
22399896,1746234671000,5,655360,1441792
22399897,1746234683000,4,524288,1703936
22399898,1746234695000,3,393216,1835008
22399899,1746234707000,1,131072,1835008
22399900,1746234719000,2,262144,1572864
22399901,1746234731000,5,655360,1441792
22399902,1746234743000,3,393216,1703936
22399903,1746234755000,6,786432,1703936
22399904,1746234767000,0,0,2097152
22399905,1746234779000,1,131072,1703936
22399906,1746234791000,6,786432,1441792
22399907,1746234803000,3,393216,1835008
22399908,1746234815000,1,131072,1835008
22399909,1746234827000,1,131072,1572864
22399910,1746234839000,0,0,1310720
22399911,1746234851000,6,786432,917504
22399912,1746234863000,6,786432,1310720
22399913,1746234875000,3,393216,1703936
22399914,1746234887000,2,262144,1703936
22399915,1746234899000,0,0,1572864
22399916,1746234911000,4,524288,1179648
22399917,1746234923000,1,131072,1310720
22399918,1746234935000,6,786432,1048576
22399919,1746234947000,1,131072,1441792
22399920,1746234959000,2,262144,1179648
22399921,1746234971000,4,524288,1048576
22399922,1746234983000,0,0,1179648
22399923,1746234995000,6,786432,786432
22399924,1746235007000,1,131072,1179648
22399925,1746235019000,6,786432,917504
22399926,1746235031000,6,786432,1310720
22399927,1746235043000,1,131072,1703936
22399928,1746235055000,1,131072,1441792
22399929,1746235067000,0,0,1179648
22399930,1746235079000,4,524288,786432
22399931,1746235091000,6,786432,917504
22399932,1746235103000,1,131072,1310720
22399933,1746235115000,4,524288,1048576
22399934,1746235127000,6,786432,1179648
22399935,1746235139000,5,655360,1572864
22399936,1746235151000,2,262144,1835008
22399937,1746235163000,1,131072,1703936
22399938,1746235175000,3,393216,1441792
22399939,1746235187000,0,0,1441792
22399940,1746235199000,6,786432,1048576
22399941,1746235211000,1,131072,1441792
22399942,1746235223000,4,524288,1179648
22399943,1746235235000,6,786432,1310720
22399944,1746235247000,4,524288,1703936
22399945,1746235259000,5,655360,1835008
22399946,1746235271000,0,0,2097152
22399947,1746235283000,0,0,1703936
22399948,1746235295000,4,524288,1310720
22399949,1746235307000,2,262144,1441792
22399950,1746235319000,6,786432,1310720
22399951,1746235331000,3,393216,1703936
22399952,1746235343000,1,131072,1703936
22399953,1746235355000,1,131072,1441792
22399954,1746235367000,1,131072,1179648
22399955,1746235379000,0,0,917504
22399956,1746235391000,3,393216,524288
22399957,1746235403000,6,786432,524288
22399958,1746235415000,0,0,917504
22399959,1746235427000,2,262144,524288
22399960,1746235439000,5,655360,393216
22399961,1746235451000,5,655360,655360
22399962,1746235463000,4,524288,917504
22399963,1746235475000,1,131072,1048576
22399964,1746235487000,0,0,786432
22399965,1746235499000,5,655360,393216
22399966,1746235511000,0,0,655360
22399967,1746235523000,6,786432,262144
22399968,1746235535000,6,786432,655360
22399969,1746235547000,2,262144,1048576
22399970,1746235559000,0,0,917504
22399971,1746235571000,0,0,524288
22399972,1746235583000,6,786432,131072
22399973,1746235595000,4,524288,524288
22399974,1746235607000,5,655360,655360
22399975,1746235619000,1,131072,917504
22399976,1746235631000,0,0,655360
22399977,1746235643000,6,786432,262144
22399978,1746235655000,6,786432,655360
22399979,1746235667000,1,131072,1048576
22399980,1746235679000,2,262144,786432
22399981,1746235691000,6,786432,655360
22399982,1746235703000,5,655360,1048576
22399983,1746235715000,4,524288,1310720
22399984,1746235727000,1,131072,1441792
22399985,1746235739000,0,0,1179648
22399986,1746235751000,3,393216,786432
22399987,1746235763000,6,786432,786432
22399988,1746235775000,6,786432,1179648
22399989,1746235787000,3,393216,1572864
22399990,1746235799000,4,524288,1572864
22399991,1746235811000,0,0,1703936
22399992,1746235823000,0,0,1310720
22399993,1746235835000,6,786432,917504
22399994,1746235847000,1,131072,1310720
22399995,1746235859000,0,0,1048576
22399996,1746235871000,0,0,655360
22399997,1746235883000,5,655360,262144
22399998,1746235895000,6,786432,524288
22399999,1746235907000,1,131072,917504
22400000,1746235919000,6,786432,655360
22400001,1746235931000,6,786432,1048576
22400002,1746235943000,6,786432,1441792
22400003,1746235955000,5,655360,1835008
22400004,1746235967000,6,786432,2097152
22400005,1746235979000,4,524288,2490368
22400006,1746235991000,0,0,2621440
22400007,1746236003000,6,786432,2228224
22400008,1746236015000,5,655360,2621440
22400009,1746236027000,4,524288,2883584
22400010,1746236039000,0,0,3014656
22400011,1746236051000,6,786432,2621440
22400012,1746236063000,0,0,3014656
22400013,1746236075000,6,786432,2621440
22400014,1746236087000,4,524288,3014656
22400015,1746236099000,3,393216,3145728
22400016,1746236111000,0,0,3145728
22400017,1746236123000,3,393216,2752512
22400018,1746236135000,6,786432,2752512
22400019,1746236147000,3,393216,3145728
22400020,1746236159000,0,0,3145728
22400021,1746236171000,4,524288,2752512
22400022,1746236183000,6,786432,2883584
22400023,1746236195000,3,393216,3276800
22400024,1746236207000,6,786432,3276800
22400025,1746236219000,4,524288,3670016
22400026,1746236231000,0,0,3801088
22400027,1746236243000,6,786432,3407872
22400028,1746236255000,1,131072,3801088
22400029,1746236267000,4,524288,3538944
22400030,1746236279000,6,786432,3670016
22400031,1746236291000,1,131072,4063232
22400032,1746236303000,0,0,3801088
22400033,1746236315000,4,524288,3407872
22400034,1746236327000,0,0,3538944
22400035,1746236339000,6,786432,3145728
22400036,1746236351000,6,786432,3538944
22400037,1746236363000,3,393216,3932160
22400038,1746236375000,1,131072,3932160
22400039,1746236387000,0,0,3670016
22400040,1746236399000,6,786432,3276800
22400041,1746236411000,3,393216,3670016
22400042,1746236423000,4,524288,3670016
22400043,1746236435000,6,786432,3801088
22400044,1746236447000,1,131072,4194304
22400045,1746236459000,1,131072,3932160
22400046,1746236471000,4,524288,3670016
22400047,1746236483000,0,0,3801088
22400048,1746236495000,6,786432,3407872
22400049,1746236507000,0,0,3801088
22400050,1746236519000,4,524288,3407872
22400051,1746236531000,5,655360,3538944
22400052,1746236543000,4,524288,3801088
22400053,1746236555000,3,393216,3932160
22400054,1746236567000,1,131072,3932160
22400055,1746236579000,3,393216,3670016
22400056,1746236591000,0,0,3670016
22400057,1746236603000,6,786432,3276800
22400058,1746236615000,1,131072,3670016
22400059,1746236627000,1,131072,3407872
22400060,1746236639000,5,655360,3145728
22400061,1746236651000,1,131072,3407872
22400062,1746236663000,6,786432,3145728
22400063,1746236675000,4,524288,3538944
22400064,1746236687000,6,786432,3670016
22400065,1746236699000,4,524288,4063232
22400066,1746236711000,0,0,4194304
22400067,1746236723000,6,786432,3801088
22400068,1746236735000,6,786432,4194304
22400069,1746236747000,4,524288,4587520
22400070,1746236759000,0,0,4718592
22400071,1746236771000,1,131072,4325376
22400072,1746236783000,1,131072,4063232
22400073,1746236795000,0,0,3801088
22400074,1746236807000,0,0,3407872
22400075,1746236819000,4,524288,3014656
22400076,1746236831000,6,786432,3145728
22400077,1746236843000,3,393216,3538944
22400078,1746236855000,4,524288,3538944
22400079,1746236867000,6,786432,3670016
22400080,1746236879000,4,524288,4063232
22400081,1746236891000,5,655360,4194304
22400082,1746236903000,0,0,4456448
22400083,1746236915000,5,655360,4063232
22400084,1746236927000,3,393216,4325376
22400085,1746236939000,4,524288,4325376
22400086,1746236951000,5,655360,4456448
22400087,1746236963000,4,524288,4718592
22400088,1746236975000,6,786432,4849664
22400089,1746236987000,6,786432,5242880
22400090,1746236999000,0,0,5636096
22400091,1746237011000,0,0,5242880
22400092,1746237023000,0,0,4849664
22400093,1746237035000,0,0,4456448
22400094,1746237047000,6,786432,4063232
22400095,1746237059000,6,786432,4456448
22400096,1746237083000,4,524288,4849664
22400097,1746237095000,1,131072,4980736
22400098,1746237107000,5,655360,4718592
22400099,1746237119000,3,393216,4980736
22400100,1746237131000,4,524288,4980736
22400101,1746237143000,1,131072,5111808
22400102,1746237155000,3,393216,4849664
22400103,1746237167000,2,262144,4849664
22400104,1746237179000,0,0,4718592
22400105,1746237191000,4,524288,4325376
22400106,1746237203000,6,786432,4456448
22400107,1746237215000,6,786432,4849664
22400108,1746237227000,0,0,5242880
22400109,1746237239000,0,0,4849664
22400110,1746237251000,0,0,4456448
22400111,1746237263000,0,0,4063232
22400112,1746237275000,4,524288,3670016
22400113,1746237287000,6,786432,3801088
22400114,1746237299000,5,655360,4194304
22400115,1746237311000,0,0,4456448
22400116,1746237323000,5,655360,4063232
22400117,1746237335000,1,131072,4325376
22400118,1746237347000,0,0,4063232
22400119,1746237359000,4,524288,3670016
22400120,1746237371000,6,786432,3801088
22400121,1746237383000,0,0,4194304
22400122,1746237395000,4,524288,3801088
22400123,1746237419000,4,524288,3932160
22400124,1746237431000,6,786432,4063232
22400125,1746237443000,1,131072,4456448
22400126,1746237455000,0,0,4194304
22400127,1746237467000,2,262144,3801088
22400128,1746237479000,5,655360,3670016
22400129,1746237491000,0,0,3932160
22400130,1746237503000,4,524288,3538944
22400131,1746237515000,1,131072,3670016
22400132,1746237527000,1,131072,3407872
22400133,1746237539000,4,524288,3145728
22400134,1746237551000,5,655360,3276800
22400135,1746237563000,0,0,3538944
22400136,1746237575000,0,0,3145728
22400137,1746237587000,6,786432,2752512
22400138,1746237599000,1,131072,3145728
22400139,1746237611000,2,262144,2883584
22400140,1746237623000,3,393216,2752512
22400141,1746237635000,6,786432,2752512
22400142,1746237647000,0,0,3145728
22400143,1746237659000,4,524288,2752512
22400144,1746237671000,6,786432,2883584
22400145,1746237683000,4,524288,3276800
22400146,1746237695000,6,786432,3407872
22400147,1746237707000,6,786432,3801088
22400148,1746237719000,4,524288,4194304
22400149,1746237731000,5,655360,4325376
22400150,1746237743000,6,786432,4587520
22400151,1746237755000,6,786432,4980736
22400152,1746237767000,3,393216,5373952
22400153,1746237779000,0,0,5373952
22400154,1746237791000,1,131072,4980736
22400155,1746237803000,1,131072,4718592
22400156,1746237815000,4,524288,4456448
22400157,1746237827000,0,0,4587520
22400158,1746237839000,6,786432,4194304
22400159,1746237851000,0,0,4587520
22400160,1746237863000,2,262144,4194304
22400161,1746237875000,5,655360,4063232
22400162,1746237887000,6,786432,4325376
22400163,1746237899000,0,0,4718592
22400164,1746237911000,5,655360,4325376
22400165,1746237923000,3,393216,4587520
22400166,1746237935000,6,786432,4587520
22400167,1746237947000,2,262144,4980736
22400168,1746237959000,5,655360,4849664
22400169,1746237971000,0,0,5111808
22400170,1746237983000,4,524288,4718592
22400171,1746237995000,4,524288,4849664
22400172,1746238007000,1,131072,4980736
22400173,1746238019000,1,131072,4718592
22400174,1746238031000,6,786432,4456448
22400175,1746238043000,5,655360,4849664
22400176,1746238055000,0,0,5111808
22400177,1746238067000,4,524288,4718592
22400178,1746238079000,1,131072,4849664
22400179,1746238091000,5,655360,4587520
22400180,1746238103000,4,524288,4849664
22400181,1746238115000,6,786432,4980736
22400182,1746238127000,1,131072,5373952
22400183,1746238139000,4,524288,5111808
22400184,1746238151000,4,524288,5242880
22400185,1746238163000,1,131072,5373952
22400186,1746238175000,5,655360,5111808
22400187,1746238187000,2,262144,5373952
22400188,1746238199000,4,524288,5242880
22400189,1746238211000,0,0,5373952
22400190,1746238223000,1,131072,4980736
22400191,1746238235000,6,786432,4718592
22400192,1746238247000,4,524288,5111808
22400193,1746238259000,6,786432,5242880
22400194,1746238271000,4,524288,5636096
22400195,1746238283000,0,0,5767168
22400196,1746238295000,4,524288,5373952
22400197,1746238307000,0,0,5505024
22400198,1746238319000,4,524288,5111808
22400199,1746238331000,6,786432,5242880
22400200,1746238343000,0,0,5636096
22400201,1746238355000,0,0,5242880
22400202,1746238367000,6,786432,4849664
22400203,1746238379000,5,655360,5242880
22400204,1746238391000,5,655360,5505024
22400205,1746238403000,6,786432,5767168
22400206,1746238415000,0,0,6160384
22400207,1746238427000,4,524288,5767168
22400208,1746238439000,1,131072,5898240
22400209,1746238451000,6,786432,5636096
22400210,1746238463000,1,131072,6029312
22400211,1746238475000,0,0,5767168
22400212,1746238487000,6,786432,5373952
22400213,1746238499000,0,0,5767168
22400214,1746238511000,0,0,5373952
22400215,1746238523000,6,786432,4980736
22400216,1746238535000,4,524288,5373952
22400217,1746238547000,5,655360,5505024
22400218,1746238559000,1,131072,5767168
22400219,1746238571000,0,0,5505024
22400220,1746238583000,2,262144,5111808
22400221,1746238595000,6,786432,4980736
22400222,1746238607000,5,655360,5373952
22400223,1746238619000,1,131072,5636096
22400224,1746238631000,0,0,5373952
22400225,1746238643000,0,0,4980736
22400226,1746238655000,6,786432,4587520
22400227,1746238667000,0,0,4980736
22400228,1746238679000,6,786432,4587520
22400229,1746238691000,4,524288,4980736
22400230,1746238703000,0,0,5111808
22400231,1746238715000,4,524288,4718592
22400232,1746238727000,5,655360,4849664
22400233,1746238739000,6,786432,5111808
22400234,1746238751000,0,0,5505024
22400235,1746238763000,5,655360,5111808
22400236,1746238775000,6,786432,5373952
22400237,1746238787000,6,786432,5767168
22400238,1746238799000,6,786432,6160384
22400239,1746238811000,2,262144,6553600
22400240,1746238823000,3,393216,6422528
22400241,1746238835000,6,786432,6422528
22400242,1746238859000,1,131072,6815744
22400243,1746238871000,5,655360,6553600
22400244,1746238883000,1,131072,6815744
22400245,1746238895000,5,655360,6553600
22400246,1746238907000,5,655360,6815744
22400247,1746238919000,5,655360,7077888
22400248,1746238943000,5,655360,7340032
22400249,1746238955000,0,0,7602176
22400250,1746238967000,5,655360,7208960
22400251,1746238979000,3,393216,7471104
22400252,1746238991000,0,0,7471104
22400253,1746239003000,1,131072,7077888
22400254,1746239015000,5,655360,6815744
22400255,1746239027000,1,131072,7077888
22400256,1746239039000,4,524288,6815744
22400257,1746239051000,6,786432,6946816
22400258,1746239063000,1,131072,7340032
22400259,1746239075000,5,655360,7077888
22400260,1746239087000,3,393216,7340032
22400261,1746239099000,6,786432,7340032
22400262,1746239111000,1,131072,7733248
22400263,1746239123000,1,131072,7471104
22400264,1746239135000,4,524288,7208960
22400265,1746239147000,6,786432,7340032
22400266,1746239159000,0,0,7733248
22400267,1746239171000,4,524288,7340032
22400268,1746239183000,4,524288,7471104
22400269,1746239195000,4,524288,7602176
22400270,1746239207000,5,655360,7733248
22400271,1746239219000,0,0,7995392
22400272,1746239231000,6,786432,7602176
22400273,1746239243000,6,786432,7995392
22400274,1746239255000,0,0,8388608
22400275,1746239267000,6,786432,7995392
22400276,1746239279000,4,524288,8388608
22400277,1746239291000,0,0,8519680
22400278,1746239303000,4,524288,8126464
22400279,1746239315000,5,655360,8257536
22400280,1746239327000,5,655360,8519680
22400281,1746239339000,6,786432,8781824
22400282,1746239351000,4,524288,9175040
22400283,1746239363000,1,131072,9306112
22400284,1746239375000,6,786432,9043968
22400285,1746239399000,6,786432,9437184
22400286,1746239411000,4,524288,9830400
22400287,1746239423000,0,0,9961472
22400288,1746239435000,0,0,9568256
22400289,1746239447000,5,655360,9175040
22400290,1746239471000,4,524288,9437184
22400291,1746239483000,0,0,9568256
22400292,1746239495000,6,786432,9175040
22400293,1746239507000,0,0,9568256
22400294,1746239519000,6,786432,9175040
22400295,1746239531000,4,524288,9568256
22400296,1746239543000,3,393216,9699328
22400297,1746239555000,0,0,9699328
22400298,1746239567000,6,786432,9306112
22400299,1746239579000,5,655360,9699328
22400300,1746239591000,0,0,9961472
22400301,1746239603000,3,393216,9568256
22400302,1746239615000,1,131072,9568256
22400303,1746239627000,6,786432,9306112
22400304,1746239639000,6,786432,9699328
22400305,1746239651000,0,0,10092544
22400306,1746239663000,4,524288,9699328
22400307,1746239675000,3,393216,9830400
22400308,1746239687000,5,655360,9830400
22400309,1746239699000,0,0,10092544
22400310,1746239711000,4,524288,9699328
22400311,1746239723000,6,786432,9830400
22400312,1746239735000,0,0,10223616
22400313,1746239747000,1,131072,9830400
22400314,1746239759000,3,393216,9568256
22400315,1746239771000,6,786432,9568256
22400316,1746239783000,0,0,9961472
22400317,1746239795000,1,131072,9568256
22400318,1746239807000,0,0,9306112
22400319,1746239819000,6,786432,8912896
22400320,1746239831000,6,786432,9306112
22400321,1746239843000,6,786432,9699328
22400322,1746239855000,1,131072,10092544
22400323,1746239867000,3,393216,9830400
22400324,1746239879000,6,786432,9830400
22400325,1746239891000,6,786432,10223616
22400326,1746239903000,0,0,10616832
22400327,1746239915000,5,655360,10223616
22400328,1746239927000,0,0,10485760
22400329,1746239939000,3,393216,10092544
22400330,1746239951000,1,131072,10092544
22400331,1746239963000,6,786432,9830400
22400332,1746239975000,4,524288,10223616
22400333,1746239987000,0,0,10354688
22400334,1746239999000,2,262144,9961472
22400335,1746240011000,6,786432,9830400
22400336,1746240023000,4,524288,10223616
22400337,1746240035000,6,786432,10354688
22400338,1746240047000,0,0,10747904
22400339,1746240059000,5,655360,10354688
22400340,1746240071000,0,0,10616832
22400341,1746240083000,6,786432,10223616
22400342,1746240095000,4,524288,10616832
22400343,1746240107000,3,393216,10747904
22400344,1746240119000,1,131072,10747904
22400345,1746240131000,1,131072,10485760
22400346,1746240143000,1,131072,10223616
22400347,1746240155000,0,0,9961472
22400348,1746240167000,4,524288,9568256
22400349,1746240179000,6,786432,9699328
22400350,1746240191000,0,0,10092544
22400351,1746240203000,5,655360,9699328
22400352,1746240215000,5,655360,9961472
22400353,1746240227000,6,786432,10223616
22400354,1746240239000,0,0,10616832
22400355,1746240251000,0,0,10223616
22400356,1746240263000,5,655360,9830400
22400357,1746240275000,6,786432,10092544
22400358,1746240287000,6,786432,10485760
22400359,1746240299000,1,131072,10878976
22400360,1746240311000,5,655360,10616832
22400361,1746240323000,4,524288,10878976
22400362,1746240335000,3,393216,11010048
22400363,1746240347000,1,131072,11010048
22400364,1746240359000,5,655360,10747904
22400365,1746240371000,0,0,11010048
22400366,1746240383000,5,655360,10616832
22400367,1746240395000,1,131072,10878976
22400368,1746240407000,3,393216,10616832
22400369,1746240419000,0,0,10616832
22400370,1746240431000,6,786432,10223616
22400371,1746240443000,0,0,10616832
22400372,1746240455000,5,655360,10223616
22400373,1746240467000,0,0,10485760
22400374,1746240479000,5,655360,10092544
22400375,1746240491000,0,0,10354688
22400376,1746240503000,4,524288,9961472
22400377,1746240515000,5,655360,10092544
22400378,1746240527000,6,786432,10354688
22400379,1746240539000,2,262144,10747904
22400380,1746240551000,4,524288,10616832
22400381,1746240563000,4,524288,10747904
22400382,1746240575000,6,786432,10878976
22400383,1746240587000,0,0,11272192
22400384,1746240611000,3,393216,10878976
22400385,1746240623000,1,131072,10878976
22400386,1746240635000,0,0,10616832
22400387,1746240647000,0,0,10223616
22400388,1746240659000,0,0,9830400
22400389,1746240671000,0,0,9437184
22400390,1746240683000,6,786432,9043968
22400391,1746240695000,0,0,9437184
22400392,1746240707000,6,786432,9043968
22400393,1746240719000,0,0,9437184
22400394,1746240731000,5,655360,9043968
22400395,1746240743000,0,0,9306112
22400396,1746240755000,5,655360,8912896
22400397,1746240767000,6,786432,9175040
22400398,1746240779000,6,786432,9568256
22400399,1746240791000,6,786432,9961472
22400400,1746240803000,6,786432,10354688
22400401,1746240815000,4,524288,10747904
22400402,1746240827000,6,786432,10878976
22400403,1746240839000,1,131072,11272192
22400404,1746240851000,1,131072,11010048
22400405,1746240863000,4,524288,10747904
22400406,1746240875000,6,786432,10878976
22400407,1746240887000,6,786432,11272192
22400408,1746240899000,6,786432,11665408
22400409,1746240911000,0,0,12058624
22400410,1746240923000,0,0,11665408
22400411,1746240935000,6,786432,11272192
22400412,1746240947000,6,786432,11665408
22400413,1746240959000,2,262144,12058624
22400414,1746240971000,4,524288,11927552
22400415,1746240983000,6,786432,12058624
22400416,1746240995000,0,0,12451840
22400417,1746241007000,0,0,12058624
22400418,1746241019000,0,0,11665408
22400419,1746241031000,5,655360,11272192
22400420,1746241043000,0,0,11534336
22400421,1746241055000,6,786432,11141120
22400422,1746241067000,1,131072,11534336
22400423,1746241079000,5,655360,11272192
22400424,1746241091000,3,393216,11534336
22400425,1746241103000,2,262144,11534336
22400426,1746241115000,1,131072,11403264
22400427,1746241127000,5,655360,11141120
22400428,1746241139000,3,393216,11403264
22400429,1746241151000,5,655360,11403264
22400430,1746241163000,0,0,11665408
22400431,1746241175000,3,393216,11272192
22400432,1746241187000,6,786432,11272192
22400433,1746241199000,4,524288,11665408
22400434,1746241211000,0,0,11796480
22400435,1746241223000,0,0,11403264
22400436,1746241235000,5,655360,11010048
22400437,1746241247000,6,786432,11272192
22400438,1746241259000,0,0,11665408
22400439,1746241271000,2,262144,11272192
22400440,1746241283000,3,393216,11141120
22400441,1746241295000,1,131072,11141120
22400442,1746241307000,6,786432,10878976
22400443,1746241319000,6,786432,11272192
22400444,1746241331000,1,131072,11665408
22400445,1746241343000,3,393216,11403264
22400446,1746241355000,3,393216,11403264
22400447,1746241367000,1,131072,11403264
22400448,1746241379000,5,655360,11141120
22400449,1746241391000,4,524288,11403264
22400450,1746241403000,1,131072,11534336
22400451,1746241415000,1,131072,11272192
22400452,1746241427000,1,131072,11010048
22400453,1746241439000,4,524288,10747904
22400454,1746241451000,2,262144,10878976
22400455,1746241463000,0,0,10747904
22400456,1746241475000,6,786432,10354688
22400457,1746241487000,6,786432,10747904
22400458,1746241499000,6,786432,11141120
22400459,1746241511000,3,393216,11534336
22400460,1746241523000,1,131072,11534336
22400461,1746241535000,4,524288,11272192
22400462,1746241547000,0,0,11403264
22400463,1746241559000,1,131072,11010048
22400464,1746241571000,0,0,10747904
22400465,1746241583000,4,524288,10354688
22400466,1746241595000,4,524288,10485760
22400467,1746241607000,5,655360,10616832
22400468,1746241619000,5,655360,10878976
22400469,1746241631000,0,0,11141120
22400470,1746241643000,4,524288,10747904
22400471,1746241655000,5,655360,10878976
22400472,1746241667000,6,786432,11141120
22400473,1746241679000,1,131072,11534336
22400474,1746241691000,0,0,11272192
22400475,1746241703000,4,524288,10878976
22400476,1746241715000,0,0,11010048
22400477,1746241727000,0,0,10616832
22400478,1746241739000,0,0,10223616
22400479,1746241751000,6,786432,9830400
22400480,1746241763000,6,786432,10223616
22400481,1746241775000,4,524288,10616832
22400482,1746241787000,6,786432,10747904
22400483,1746241799000,0,0,11141120
22400484,1746241811000,4,524288,10747904
22400485,1746241823000,1,131072,10878976
22400486,1746241835000,6,786432,10616832
22400487,1746241847000,0,0,11010048
22400488,1746241859000,4,524288,10616832
22400489,1746241871000,0,0,10747904
22400490,1746241883000,1,131072,10354688
22400491,1746241895000,1,131072,10092544
22400492,1746241907000,0,0,9830400
22400493,1746241919000,0,0,9437184
22400494,1746241931000,6,786432,9043968
22400495,1746241943000,0,0,9437184
22400496,1746241955000,4,524288,9043968
22400497,1746241967000,4,524288,9175040
22400498,1746241979000,4,524288,9306112
22400499,1746241991000,4,524288,9437184
22400500,1746242003000,6,786432,9568256
22400501,1746242015000,6,786432,9961472
22400502,1746242027000,6,786432,10354688
22400503,1746242039000,2,262144,10747904
22400504,1746242051000,0,0,10616832
22400505,1746242063000,0,0,10223616
22400506,1746242075000,4,524288,9830400
22400507,1746242087000,5,655360,9961472
22400508,1746242099000,0,0,10223616
22400509,1746242111000,6,786432,9830400
22400510,1746242123000,6,786432,10223616
22400511,1746242135000,6,786432,10616832
22400512,1746242147000,0,0,11010048
22400513,1746242159000,1,131072,10616832
22400514,1746242171000,1,131072,10354688
22400515,1746242183000,3,393216,10092544
22400516,1746242195000,6,786432,10092544
22400517,1746242207000,4,524288,10485760
22400518,1746242219000,1,131072,10616832
22400519,1746242231000,6,786432,10354688
22400520,1746242243000,1,131072,10747904
22400521,1746242255000,0,0,10485760
22400522,1746242267000,6,786432,10092544
22400523,1746242279000,4,524288,10485760
22400524,1746242291000,0,0,10616832
22400525,1746242303000,1,131072,10223616
22400526,1746242315000,1,131072,9961472
22400527,1746242327000,1,131072,9699328
22400528,1746242339000,4,524288,9437184
22400529,1746242351000,6,786432,9568256
22400530,1746242363000,1,131072,9961472
22400531,1746242375000,1,131072,9699328
22400532,1746242387000,3,393216,9437184
22400533,1746242399000,0,0,9437184
22400534,1746242411000,4,524288,9043968
22400535,1746242423000,5,655360,9175040
22400536,1746242435000,5,655360,9437184
22400537,1746242447000,0,0,9699328
22400538,1746242459000,1,131072,9306112
22400539,1746242471000,1,131072,9043968
22400540,1746242483000,1,131072,8781824
22400541,1746242495000,3,393216,8519680
22400542,1746242507000,6,786432,8519680
22400543,1746242519000,5,655360,8912896
22400544,1746242531000,4,524288,9175040
22400545,1746242543000,6,786432,9306112
22400546,1746242555000,1,131072,9699328
22400547,1746242567000,1,131072,9437184
22400548,1746242579000,1,131072,9175040
22400549,1746242591000,6,786432,8912896
22400550,1746242603000,3,393216,9306112
22400551,1746242615000,6,786432,9306112
22400552,1746242627000,1,131072,9699328
22400553,1746242639000,6,786432,9437184
22400554,1746242651000,3,393216,9830400
22400555,1746242663000,6,786432,9830400
22400556,1746242675000,0,0,10223616
22400557,1746242687000,0,0,9830400
22400558,1746242699000,2,262144,9437184
22400559,1746242711000,4,524288,9306112
22400560,1746242735000,6,786432,9437184
22400561,1746242747000,0,0,9830400
22400562,1746242759000,6,786432,9437184
22400563,1746242771000,0,0,9830400
22400564,1746242783000,4,524288,9437184
22400565,1746242795000,1,131072,9568256
22400566,1746242807000,1,131072,9306112
22400567,1746242819000,0,0,9043968
22400568,1746242831000,4,524288,8650752
22400569,1746242843000,6,786432,8781824
22400570,1746242855000,6,786432,9175040
22400571,1746242867000,6,786432,9568256
22400572,1746242879000,1,131072,9961472
22400573,1746242891000,0,0,9699328
22400574,1746242903000,1,131072,9306112
22400575,1746242915000,6,786432,9043968
22400576,1746242927000,3,393216,9437184
22400577,1746242939000,6,786432,9437184
22400578,1746242951000,1,131072,9830400
22400579,1746242963000,1,131072,9568256
22400580,1746242975000,2,262144,9306112
22400581,1746242987000,4,524288,9175040
22400582,1746242999000,1,131072,9306112
22400583,1746243011000,0,0,9043968
22400584,1746243023000,5,655360,8650752
22400585,1746243035000,4,524288,8912896
22400586,1746243047000,5,655360,9043968
22400587,1746243059000,0,0,9306112
22400588,1746243071000,4,524288,8912896
22400589,1746243083000,4,524288,9043968
22400590,1746243095000,5,655360,9175040
22400591,1746243107000,2,262144,9437184
22400592,1746243119000,0,0,9306112
22400593,1746243131000,0,0,8912896
22400594,1746243143000,3,393216,8519680
22400595,1746243155000,0,0,8519680
22400596,1746243167000,0,0,8126464
22400597,1746243179000,6,786432,7733248
22400598,1746243191000,4,524288,8126464
22400599,1746243203000,2,262144,8257536
22400600,1746243215000,0,0,8126464
22400601,1746243227000,1,131072,7733248
22400602,1746243239000,6,786432,7471104
22400603,1746243251000,3,393216,7864320
22400604,1746243263000,0,0,7864320
22400605,1746243275000,1,131072,7471104
22400606,1746243287000,1,131072,7208960
22400607,1746243299000,0,0,6946816
22400608,1746243311000,3,393216,6553600
22400609,1746243323000,6,786432,6553600
22400610,1746243335000,4,524288,6946816
22400611,1746243347000,6,786432,7077888
22400612,1746243359000,0,0,7471104
22400613,1746243371000,4,524288,7077888
22400614,1746243383000,5,655360,7208960
22400615,1746243395000,0,0,7471104
22400616,1746243407000,6,786432,7077888
22400617,1746243419000,4,524288,7471104
22400618,1746243431000,1,131072,7602176
22400619,1746243443000,2,262144,7340032
22400620,1746243455000,0,0,7208960
22400621,1746243467000,4,524288,6815744
22400622,1746243479000,6,786432,6946816
22400623,1746243491000,0,0,7340032
22400624,1746243503000,4,524288,6946816
22400625,1746243515000,1,131072,7077888
22400626,1746243527000,4,524288,6815744
22400627,1746243539000,5,655360,6946816
22400628,1746243551000,3,393216,7208960
22400629,1746243563000,0,0,7208960
22400630,1746243575000,4,524288,6815744
22400631,1746243587000,1,131072,6946816
22400632,1746243599000,0,0,6684672
22400633,1746243611000,0,0,6291456
22400634,1746243623000,5,655360,5898240
22400635,1746243635000,3,393216,6160384
22400636,1746243647000,0,0,6160384
22400637,1746243659000,6,786432,5767168
22400638,1746243671000,1,131072,6160384
22400639,1746243683000,3,393216,5898240
22400640,1746243695000,4,524288,5898240
22400641,1746243707000,6,786432,6029312
22400642,1746243719000,6,786432,6422528
22400643,1746243731000,1,131072,6815744
22400644,1746243743000,0,0,6553600
22400645,1746243755000,3,393216,6160384
22400646,1746243767000,6,786432,6160384
22400647,1746243779000,4,524288,6553600
22400648,1746243791000,3,393216,6684672
22400649,1746243803000,0,0,6684672
22400650,1746243815000,1,131072,6291456
22400651,1746243827000,1,131072,6029312
22400652,1746243839000,5,655360,5767168
22400653,1746243851000,4,524288,6029312
22400654,1746243863000,0,0,6160384
22400655,1746243875000,0,0,5767168
22400656,1746243887000,6,786432,5373952
22400657,1746243899000,4,524288,5767168
22400658,1746243911000,5,655360,5898240
22400659,1746243923000,5,655360,6160384
22400660,1746243935000,1,131072,6422528
22400661,1746243947000,1,131072,6160384
22400662,1746243959000,0,0,5898240
22400663,1746243971000,0,0,5505024
22400664,1746243983000,4,524288,5111808
22400665,1746243995000,6,786432,5242880
22400666,1746244007000,1,131072,5636096
22400667,1746244019000,6,786432,5373952
22400668,1746244031000,5,655360,5767168
22400669,1746244043000,0,0,6029312
22400670,1746244055000,0,0,5636096
22400671,1746244067000,4,524288,5242880
22400672,1746244079000,0,0,5373952
22400673,1746244091000,3,393216,4980736
22400674,1746244103000,0,0,4980736
22400675,1746244115000,6,786432,4587520
22400676,1746244127000,4,524288,4980736
22400677,1746244139000,6,786432,5111808
22400678,1746244151000,6,786432,5505024
22400679,1746244163000,2,262144,5898240
22400680,1746244175000,2,262144,5767168
22400681,1746244187000,3,393216,5636096
22400682,1746244199000,2,262144,5636096
22400683,1746244211000,0,0,5505024
22400684,1746244223000,2,262144,5111808
22400685,1746244235000,4,524288,4980736
22400686,1746244247000,0,0,5111808
22400687,1746244259000,6,786432,4718592
22400688,1746244271000,0,0,5111808
22400689,1746244283000,5,655360,4718592
22400690,1746244295000,4,524288,4980736
22400691,1746244307000,6,786432,5111808
22400692,1746244319000,3,393216,5505024
22400693,1746244331000,0,0,5505024
22400694,1746244343000,4,524288,5111808
22400695,1746244355000,1,131072,5242880
22400696,1746244367000,0,0,4980736
22400697,1746244379000,6,786432,4587520
22400698,1746244391000,0,0,4980736
22400699,1746244403000,0,0,4587520
22400700,1746244415000,0,0,4194304
22400701,1746244427000,5,655360,3801088
22400702,1746244439000,5,655360,4063232
22400703,1746244451000,4,524288,4325376
22400704,1746244463000,6,786432,4456448
22400705,1746244475000,3,393216,4849664
22400706,1746244487000,5,655360,4849664
22400707,1746244499000,4,524288,5111808
22400708,1746244511000,6,786432,5242880
22400709,1746244523000,6,786432,5636096
22400710,1746244535000,1,131072,6029312
22400711,1746244547000,1,131072,5767168
22400712,1746244559000,5,655360,5505024
22400713,1746244571000,1,131072,5767168
22400714,1746244583000,1,131072,5505024
22400715,1746244595000,5,655360,5242880
22400716,1746244607000,3,393216,5505024
22400717,1746244619000,2,262144,5505024
22400718,1746244631000,0,0,5373952
22400719,1746244643000,6,786432,4980736
22400720,1746244655000,1,131072,5373952
22400721,1746244667000,3,393216,5111808
22400722,1746244679000,6,786432,5111808
22400723,1746244691000,0,0,5505024
22400724,1746244703000,0,0,5111808
22400725,1746244715000,6,786432,4718592
22400726,1746244727000,3,393216,5111808
22400727,1746244739000,1,131072,5111808
22400728,1746244751000,0,0,4849664
22400729,1746244763000,6,786432,4456448
22400730,1746244775000,3,393216,4849664
22400731,1746244787000,1,131072,4849664
22400732,1746244799000,1,131072,4587520
22400733,1746244811000,0,0,4325376
22400734,1746244823000,0,0,3932160
22400735,1746244835000,6,786432,3538944
22400736,1746244847000,4,524288,3932160
22400737,1746244859000,0,0,4063232
22400738,1746244871000,6,786432,3670016
22400739,1746244883000,1,131072,4063232
22400740,1746244895000,0,0,3801088
22400741,1746244907000,0,0,3407872
22400742,1746244919000,5,655360,3014656
22400743,1746244931000,6,786432,3276800
22400744,1746244943000,6,786432,3670016
22400745,1746244955000,4,524288,4063232
22400746,1746244967000,5,655360,4194304
22400747,1746244979000,0,0,4456448
22400748,1746244991000,6,786432,4063232
22400749,1746245003000,4,524288,4456448
22400750,1746245015000,1,131072,4587520
22400751,1746245027000,0,0,4325376
22400752,1746245039000,0,0,3932160
22400753,1746245051000,6,786432,3538944
22400754,1746245075000,3,393216,3932160
22400755,1746245087000,3,393216,3932160
22400756,1746245099000,0,0,3932160
22400757,1746245111000,4,524288,3538944
22400758,1746245123000,6,786432,3670016
22400759,1746245135000,4,524288,4063232
22400760,1746245147000,0,0,4194304
22400761,1746245159000,3,393216,3801088
22400762,1746245171000,0,0,3801088
22400763,1746245183000,2,262144,3407872
22400764,1746245195000,0,0,3276800
22400765,1746245207000,6,786432,2883584
22400766,1746245219000,4,524288,3276800
22400767,1746245231000,0,0,3407872
22400768,1746245243000,1,131072,3014656
22400769,1746245255000,1,131072,2752512
22400770,1746245267000,6,786432,2490368
22400771,1746245279000,6,786432,2883584
22400772,1746245291000,6,786432,3276800
22400773,1746245303000,1,131072,3670016
22400774,1746245315000,1,131072,3407872
22400775,1746245327000,1,131072,3145728
22400776,1746245339000,5,655360,2883584
22400777,1746245351000,6,786432,3145728
22400778,1746245363000,4,524288,3538944
22400779,1746245375000,1,131072,3670016
22400780,1746245387000,1,131072,3407872
22400781,1746245399000,4,524288,3145728
22400782,1746245411000,6,786432,3276800
22400783,1746245423000,0,0,3670016
22400784,1746245435000,0,0,3276800
22400785,1746245447000,4,524288,2883584
22400786,1746245459000,6,786432,3014656
22400787,1746245471000,6,786432,3407872
22400788,1746245483000,1,131072,3801088
22400789,1746245495000,0,0,3538944
22400790,1746245507000,3,393216,3145728
22400791,1746245519000,1,131072,3145728
22400792,1746245531000,0,0,2883584
22400793,1746245543000,0,0,2490368
22400794,1746245555000,6,786432,2097152
22400795,1746245567000,5,655360,2490368
22400796,1746245579000,4,524288,2752512
22400797,1746245591000,3,393216,2883584
22400798,1746245603000,0,0,2883584
22400799,1746245615000,6,786432,2490368
22400800,1746245627000,6,786432,2883584
22400801,1746245639000,4,524288,3276800
22400802,1746245651000,1,131072,3407872
22400803,1746245663000,0,0,3145728
22400804,1746245675000,5,655360,2752512
22400805,1746245687000,6,786432,3014656
22400806,1746245699000,0,0,3407872
22400807,1746245711000,5,655360,3014656
22400808,1746245723000,1,131072,3276800
22400809,1746245735000,3,393216,3014656
22400810,1746245747000,1,131072,3014656
22400811,1746245759000,1,131072,2752512
22400812,1746245771000,0,0,2490368
22400813,1746245783000,4,524288,2097152
22400814,1746245795000,0,0,2228224
22400815,1746245807000,6,786432,1835008
22400816,1746245819000,5,655360,2228224
22400817,1746245831000,5,655360,2490368
22400818,1746245843000,1,131072,2752512
22400819,1746245855000,4,524288,2490368
22400820,1746245867000,0,0,2621440
22400821,1746245879000,5,655360,2228224
22400822,1746245891000,0,0,2490368
22400823,1746245903000,4,524288,2097152
22400824,1746245915000,3,393216,2228224
22400825,1746245927000,1,131072,2228224
22400826,1746245939000,5,655360,1966080
22400827,1746245951000,6,786432,2228224
22400828,1746245963000,0,0,2621440
22400829,1746245975000,3,393216,2228224
22400830,1746245987000,3,393216,2228224
22400831,1746245999000,1,131072,2228224
22400832,1746246011000,1,131072,1966080
22400833,1746246023000,4,524288,1703936
22400834,1746246035000,5,655360,1835008
22400835,1746246047000,0,0,2097152
22400836,1746246059000,5,655360,1703936
22400837,1746246071000,6,786432,1966080
22400838,1746246083000,3,393216,2359296
22400839,1746246095000,1,131072,2359296
22400840,1746246107000,0,0,2097152
22400841,1746246119000,5,655360,1703936
22400842,1746246131000,6,786432,1966080
22400843,1746246143000,4,524288,2359296
22400844,1746246155000,0,0,2490368
22400845,1746246167000,3,393216,2097152
22400846,1746246179000,6,786432,2097152
22400847,1746246191000,4,524288,2490368
22400848,1746246203000,0,0,2621440
22400849,1746246215000,2,262144,2228224
22400850,1746246227000,0,0,2097152
22400851,1746246239000,6,786432,1703936
22400852,1746246251000,0,0,2097152
22400853,1746246263000,4,524288,1703936
22400854,1746246275000,2,262144,1835008
22400855,1746246287000,0,0,1703936
22400856,1746246299000,5,655360,1310720
22400857,1746246311000,4,524288,1572864
22400858,1746246323000,1,131072,1703936
22400859,1746246335000,1,131072,1441792
22400860,1746246347000,5,655360,1179648
22400861,1746246359000,4,524288,1441792
22400862,1746246371000,4,524288,1572864
22400863,1746246383000,0,0,1703936
22400864,1746246395000,5,655360,1310720
22400865,1746246407000,1,131072,1572864
22400866,1746246419000,4,524288,1310720
22400867,1746246443000,0,0,1441792
22400868,1746246455000,6,786432,1048576
22400869,1746246467000,0,0,1441792
22400870,1746246479000,4,524288,1048576
22400871,1746246491000,0,0,1179648
22400872,1746246503000,6,786432,786432
22400873,1746246515000,6,786432,1179648
22400874,1746246527000,2,262144,1572864
22400875,1746246539000,0,0,1441792
22400876,1746246551000,5,655360,1048576
22400877,1746246563000,0,0,1310720
22400878,1746246575000,0,0,917504
22400879,1746246587000,6,786432,524288
22400880,1746246599000,6,786432,917504
22400881,1746246611000,3,393216,1310720
22400882,1746246623000,0,0,1310720
22400883,1746246635000,6,786432,917504
22400884,1746246647000,0,0,1310720
22400885,1746246659000,1,131072,917504
22400886,1746246671000,0,0,655360
22400887,1746246683000,6,786432,262144
22400888,1746246695000,4,524288,655360
22400889,1746246707000,6,786432,786432
22400890,1746246719000,0,0,1179648
22400891,1746246731000,4,524288,786432
22400892,1746246743000,0,0,917504
22400893,1746246755000,5,655360,524288
22400894,1746246767000,0,0,786432
22400895,1746246779000,5,655360,393216
22400896,1746246791000,1,131072,655360
22400897,1746246803000,1,131072,393216
22400898,1746246815000,1,131072,131072
22400899,1746246827000,6,786432,0
22400900,1746246839000,6,786432,393216
22400901,1746246851000,1,131072,786432
22400902,1746246863000,6,786432,524288
22400903,1746246875000,1,131072,917504
22400904,1746246887000,0,0,655360
22400905,1746246899000,3,393216,262144
22400906,1746246911000,0,0,262144
22400907,1746246923000,6,786432,0
22400908,1746246935000,4,524288,393216
22400909,1746246947000,6,786432,524288
22400910,1746246959000,0,0,917504
22400911,1746246971000,4,524288,524288
22400912,1746246983000,6,786432,655360
22400913,1746246995000,1,131072,1048576
22400914,1746247007000,6,786432,786432
22400915,1746247019000,5,655360,1179648
22400916,1746247031000,0,0,1441792
22400917,1746247043000,3,393216,1048576
22400918,1746247055000,3,393216,1048576
22400919,1746247067000,5,655360,1048576
22400920,1746247079000,4,524288,1310720
22400921,1746247091000,4,524288,1441792
22400922,1746247103000,0,0,1572864
22400923,1746247115000,1,131072,1179648
22400924,1746247139000,3,393216,917504
22400925,1746247151000,0,0,917504
22400926,1746247163000,6,786432,524288
22400927,1746247175000,2,262144,917504
22400928,1746247187000,0,0,786432
22400929,1746247199000,4,524288,393216
22400930,1746247211000,0,0,524288
22400931,1746247223000,5,655360,131072
22400932,1746247235000,5,655360,393216
22400933,1746247247000,1,131072,655360
22400934,1746247259000,0,0,393216
22400935,1746247271000,4,524288,0
22400936,1746247283000,3,393216,131072
22400937,1746247295000,6,786432,131072
22400938,1746247307000,1,131072,524288
22400939,1746247319000,4,524288,262144
22400940,1746247331000,0,0,393216
22400941,1746247343000,0,0,0
22400942,1746247355000,6,786432,0
22400943,1746247367000,0,0,393216
22400944,1746247379000,4,524288,0
22400945,1746247391000,6,786432,131072
22400946,1746247403000,1,131072,524288
22400947,1746247415000,0,0,262144
22400948,1746247427000,6,786432,0
22400949,1746247439000,5,655360,393216
22400950,1746247451000,4,524288,655360
22400951,1746247463000,1,131072,786432
22400952,1746247475000,1,131072,524288
22400953,1746247487000,5,655360,262144
22400954,1746247499000,4,524288,524288
22400955,1746247511000,0,0,655360
22400956,1746247523000,4,524288,262144
22400957,1746247535000,6,786432,393216
22400958,1746247547000,0,0,786432
22400959,1746247559000,5,655360,393216
22400960,1746247571000,3,393216,655360
22400961,1746247583000,1,131072,655360
22400962,1746247595000,2,262144,393216
22400963,1746247607000,6,786432,262144
22400964,1746247619000,0,0,655360
22400965,1746247631000,4,524288,262144
22400966,1746247643000,0,0,393216
22400967,1746247655000,1,131072,0
22400968,1746247667000,0,0,0
22400969,1746247679000,6,786432,0
22400970,1746247691000,3,393216,393216
22400971,1746247703000,2,262144,393216
22400972,1746247715000,1,131072,262144
22400973,1746247727000,6,786432,0
22400974,1746247739000,5,655360,393216
22400975,1746247751000,5,655360,655360
22400976,1746247763000,6,786432,917504
22400977,1746247775000,1,131072,1310720
22400978,1746247787000,6,786432,1048576
22400979,1746247799000,1,131072,1441792
22400980,1746247811000,3,393216,1179648
22400981,1746247823000,0,0,1179648
22400982,1746247835000,1,131072,786432
22400983,1746247847000,0,0,524288
22400984,1746247859000,0,0,131072
22400985,1746247871000,5,655360,0
22400986,1746247883000,4,524288,262144
22400987,1746247895000,6,786432,393216
22400988,1746247907000,0,0,786432
22400989,1746247919000,0,0,393216
22400990,1746247931000,5,655360,0
22400991,1746247943000,4,524288,262144
22400992,1746247955000,0,0,393216
22400993,1746247967000,1,131072,0
22400994,1746247979000,5,655360,0
22400995,1746247991000,0,0,262144
22400996,1746248003000,0,0,0
22400997,1746248015000,6,786432,0
22400998,1746248027000,6,786432,393216
22400999,1746248039000,1,131072,786432
22401000,1746248051000,5,655360,524288
22401001,1746248063000,4,524288,786432
22401002,1746248075000,0,0,917504
22401003,1746248087000,2,262144,524288
22401004,1746248099000,1,131072,393216
22401005,1746248111000,5,655360,131072
22401006,1746248123000,4,524288,393216
22401007,1746248135000,0,0,524288
22401008,1746248147000,5,655360,131072
22401009,1746248159000,5,655360,393216
22401010,1746248171000,6,786432,655360
22401011,1746248183000,6,786432,1048576
22401012,1746248195000,0,0,1441792
22401013,1746248207000,0,0,1048576
22401014,1746248219000,0,0,655360
22401015,1746248231000,6,786432,262144
22401016,1746248243000,6,786432,655360
22401017,1746248255000,6,786432,1048576
22401018,1746248267000,1,131072,1441792
22401019,1746248279000,0,0,1179648
22401020,1746248291000,0,0,786432
22401021,1746248303000,3,393216,393216
22401022,1746248315000,0,0,393216
22401023,1746248327000,5,655360,0
22401024,1746248339000,5,655360,262144
22401025,1746248351000,0,0,524288
22401026,1746248363000,6,786432,131072
22401027,1746248375000,5,655360,524288
22401028,1746248387000,6,786432,786432
22401029,1746248399000,0,0,1179648
22401030,1746248411000,4,524288,786432
22401031,1746248423000,0,0,917504
22401032,1746248435000,4,524288,524288
22401033,1746248447000,4,524288,655360
22401034,1746248459000,6,786432,786432
22401035,1746248471000,6,786432,1179648
22401036,1746248483000,1,131072,1572864
22401037,1746248495000,1,131072,1310720
22401038,1746248507000,6,786432,1048576
22401039,1746248519000,3,393216,1441792
22401040,1746248531000,4,524288,1441792
22401041,1746248543000,0,0,1572864
22401042,1746248555000,5,655360,1179648
22401043,1746248567000,0,0,1441792
22401044,1746248579000,6,786432,1048576
22401045,1746248591000,5,655360,1441792
22401046,1746248603000,0,0,1703936
22401047,1746248615000,1,131072,1310720
22401048,1746248627000,1,131072,1048576
22401049,1746248639000,3,393216,786432
22401050,1746248651000,5,655360,786432
22401051,1746248663000,3,393216,1048576
22401052,1746248675000,0,0,1048576
22401053,1746248687000,1,131072,655360
22401054,1746248699000,4,524288,393216
22401055,1746248711000,5,655360,524288
22401056,1746248723000,1,131072,786432
22401057,1746248735000,1,131072,524288
22401058,1746248747000,1,131072,262144
22401059,1746248759000,3,393216,0
22401060,1746248771000,1,131072,0
22401061,1746248783000,5,655360,0
22401062,1746248795000,1,131072,262144
22401063,1746248807000,5,655360,0
22401064,1746248819000,4,524288,262144
22401065,1746248831000,0,0,393216
22401066,1746248843000,6,786432,0
22401067,1746248855000,1,131072,393216
22401068,1746248867000,1,131072,131072
22401069,1746248879000,3,393216,0
22401070,1746248891000,1,131072,0
22401071,1746248903000,0,0,0
22401072,1746248915000,4,524288,0
22401073,1746248927000,6,786432,131072
22401074,1746248939000,5,655360,524288
22401075,1746248951000,1,131072,786432
22401076,1746248963000,1,131072,524288
22401077,1746248975000,6,786432,262144
22401078,1746248987000,1,131072,655360
22401079,1746248999000,0,0,393216
22401080,1746249011000,3,393216,0
22401081,1746249023000,5,655360,0
22401082,1746249035000,5,655360,262144
22401083,1746249047000,0,0,524288
22401084,1746249059000,2,262144,131072
22401085,1746249071000,6,786432,0
22401086,1746249083000,1,131072,393216
22401087,1746249095000,6,786432,131072
22401088,1746249107000,4,524288,524288
22401089,1746249119000,0,0,655360
22401090,1746249131000,0,0,262144
22401091,1746249143000,4,524288,0
22401092,1746249155000,6,786432,131072
22401093,1746249167000,0,0,524288
22401094,1746249179000,2,262144,131072
22401095,1746249191000,4,524288,0
22401096,1746249203000,6,786432,131072
22401097,1746249215000,0,0,524288
22401098,1746249227000,3,393216,131072
22401099,1746249239000,6,786432,131072
22401100,1746249251000,0,0,524288
22401101,1746249263000,3,393216,131072
22401102,1746249275000,1,131072,131072
22401103,1746249287000,0,0,0
22401104,1746249299000,0,0,0
22401105,1746249311000,6,786432,0
22401106,1746249323000,6,786432,393216
22401107,1746249335000,0,0,786432
22401108,1746249347000,5,655360,393216
22401109,1746249359000,1,131072,655360
22401110,1746249371000,0,0,393216
22401111,1746249395000,0,0,0
22401112,1746249407000,6,786432,0
22401113,1746249419000,4,524288,393216
22401114,1746249431000,5,655360,524288
22401115,1746249443000,3,393216,786432
22401116,1746249455000,6,786432,786432
22401117,1746249467000,5,655360,1179648
22401118,1746249479000,6,786432,1441792
22401119,1746249491000,1,131072,1835008
22401120,1746249503000,3,393216,1572864
22401121,1746249515000,0,0,1572864
22401122,1746249527000,2,262144,1179648
22401123,1746249539000,0,0,1048576
22401124,1746249551000,6,786432,655360
22401125,1746249563000,0,0,1048576
22401126,1746249575000,5,655360,655360
22401127,1746249587000,3,393216,917504
22401128,1746249599000,0,0,917504
22401129,1746249611000,0,0,524288
22401130,1746249623000,4,524288,131072
22401131,1746249635000,5,655360,262144
22401132,1746249647000,5,655360,524288
22401133,1746249659000,6,786432,786432
22401134,1746249683000,2,262144,1179648
22401135,1746249695000,4,524288,1048576
22401136,1746249707000,0,0,1179648
22401137,1746249719000,6,786432,786432
22401138,1746249731000,4,524288,1179648
22401139,1746249743000,0,0,1310720
22401140,1746249755000,0,0,917504
22401141,1746249767000,3,393216,524288
22401142,1746249779000,5,655360,524288
22401143,1746249791000,2,262144,786432
22401144,1746249803000,6,786432,655360
22401145,1746249815000,4,524288,1048576
22401146,1746249827000,0,0,1179648
22401147,1746249839000,1,131072,786432
22401148,1746249851000,0,0,524288
22401149,1746249863000,6,786432,131072
22401150,1746249875000,6,786432,524288
22401151,1746249887000,3,393216,917504
22401152,1746249899000,0,0,917504
22401153,1746249911000,0,0,524288
22401154,1746249923000,6,786432,131072
22401155,1746249935000,1,131072,524288
22401156,1746249947000,6,786432,262144
22401157,1746249959000,1,131072,655360
22401158,1746249971000,6,786432,393216
22401159,1746249983000,1,131072,786432
22401160,1746249995000,6,786432,524288
22401161,1746250007000,1,131072,917504
22401162,1746250019000,4,524288,655360
22401163,1746250031000,0,0,786432
22401164,1746250043000,1,131072,393216
22401165,1746250055000,0,0,131072
22401166,1746250067000,6,786432,0
22401167,1746250079000,1,131072,393216
22401168,1746250091000,0,0,131072
22401169,1746250103000,5,655360,0
22401170,1746250115000,0,0,262144
22401171,1746250127000,0,0,0
22401172,1746250139000,0,0,0
22401173,1746250151000,5,655360,0
22401174,1746250163000,6,786432,262144
22401175,1746250175000,4,524288,655360
22401176,1746250187000,0,0,786432
22401177,1746250199000,0,0,393216
22401178,1746250211000,6,786432,0
22401179,1746250223000,6,786432,393216
22401180,1746250235000,2,262144,786432
22401181,1746250247000,0,0,655360
22401182,1746250259000,5,655360,262144
22401183,1746250271000,6,786432,524288
22401184,1746250283000,1,131072,917504
22401185,1746250295000,3,393216,655360
22401186,1746250307000,1,131072,655360
22401187,1746250319000,0,0,393216
22401188,1746250331000,1,131072,0
22401189,1746250343000,6,786432,0
22401190,1746250355000,4,524288,393216
22401191,1746250379000,1,131072,524288
22401192,1746250391000,1,131072,262144
22401193,1746250403000,4,524288,0
22401194,1746250415000,6,786432,131072
22401195,1746250427000,4,524288,524288
22401196,1746250439000,1,131072,655360
22401197,1746250451000,0,0,393216
22401198,1746250463000,6,786432,0
22401199,1746250475000,1,131072,393216
22401200,1746250487000,6,786432,131072
22401201,1746250499000,4,524288,524288
22401202,1746250511000,1,131072,655360
22401203,1746250523000,1,131072,393216
22401204,1746250535000,0,0,131072
22401205,1746250547000,6,786432,0
22401206,1746250559000,3,393216,393216
22401207,1746250571000,0,0,393216
22401208,1746250583000,1,131072,0
22401209,1746250595000,1,131072,0
22401210,1746250607000,0,0,0
22401211,1746250619000,4,524288,0
22401212,1746250631000,6,786432,131072
22401213,1746250643000,5,655360,524288
22401214,1746250655000,6,786432,786432
22401215,1746250667000,6,786432,1179648
22401216,1746250679000,0,0,1572864
22401217,1746250691000,6,786432,1179648
22401218,1746250703000,2,262144,1572864
22401219,1746250715000,5,655360,1441792
22401220,1746250727000,5,655360,1703936
22401221,1746250739000,1,131072,1966080
22401222,1746250751000,2,262144,1703936
22401223,1746250763000,3,393216,1572864
22401224,1746250775000,1,131072,1572864
22401225,1746250787000,5,655360,1310720
22401226,1746250799000,4,524288,1572864
22401227,1746250811000,0,0,1703936
22401228,1746250823000,0,0,1310720
22401229,1746250835000,4,524288,917504
22401230,1746250847000,5,655360,1048576
22401231,1746250859000,4,524288,1310720
22401232,1746250871000,1,131072,1441792
22401233,1746250883000,1,131072,1179648
22401234,1746250895000,6,786432,917504
22401235,1746250907000,4,524288,1310720
22401236,1746250919000,1,131072,1441792
22401237,1746250931000,1,131072,1179648
22401238,1746250943000,5,655360,917504
22401239,1746250955000,6,786432,1179648
22401240,1746250967000,3,393216,1572864
22401241,1746250979000,0,0,1572864
22401242,1746250991000,0,0,1179648
22401243,1746251003000,0,0,786432
22401244,1746251015000,2,262144,393216
22401245,1746251027000,5,655360,262144
22401246,1746251039000,4,524288,524288
22401247,1746251051000,4,524288,655360
22401248,1746251063000,0,0,786432
22401249,1746251075000,6,786432,393216
22401250,1746251087000,6,786432,786432
22401251,1746251099000,0,0,1179648
22401252,1746251111000,4,524288,786432
22401253,1746251123000,6,786432,917504
22401254,1746251135000,6,786432,1310720
22401255,1746251147000,1,131072,1703936
22401256,1746251159000,0,0,1441792
22401257,1746251171000,3,393216,1048576
22401258,1746251183000,1,131072,1048576
22401259,1746251195000,0,0,786432
22401260,1746251207000,6,786432,393216
22401261,1746251219000,1,131072,786432
22401262,1746251231000,0,0,524288
22401263,1746251243000,0,0,131072
22401264,1746251255000,6,786432,0
22401265,1746251267000,0,0,393216
22401266,1746251279000,0,0,0
22401267,1746251291000,6,786432,0
22401268,1746251303000,6,786432,393216
22401269,1746251315000,1,131072,786432
22401270,1746251327000,5,655360,524288
22401271,1746251339000,1,131072,786432
22401272,1746251351000,2,262144,524288
22401273,1746251363000,0,0,393216
22401274,1746251375000,6,786432,0
22401275,1746251387000,0,0,393216
22401276,1746251411000,5,655360,0
22401277,1746251423000,5,655360,262144
22401278,1746251435000,4,524288,524288
22401279,1746251447000,5,655360,655360
22401280,1746251459000,5,655360,917504
22401281,1746251471000,1,131072,1179648
22401282,1746251483000,0,0,917504
22401283,1746251495000,3,393216,524288
22401284,1746251507000,6,786432,524288
22401285,1746251519000,3,393216,917504
22401286,1746251531000,0,0,917504
22401287,1746251543000,0,0,524288
22401288,1746251555000,1,131072,131072
22401289,1746251567000,5,655360,0
22401290,1746251579000,4,524288,262144
22401291,1746251591000,1,131072,393216
22401292,1746251603000,0,0,131072
22401293,1746251615000,3,393216,0
22401294,1746251627000,6,786432,0
22401295,1746251639000,0,0,393216
22401296,1746251651000,4,524288,0
22401297,1746251663000,0,0,131072
22401298,1746251675000,0,0,0
22401299,1746251687000,3,393216,0
22401300,1746251699000,6,786432,0
22401301,1746251711000,0,0,393216
22401302,1746251723000,4,524288,0
22401303,1746251735000,0,0,131072
22401304,1746251747000,6,786432,0
22401305,1746251759000,0,0,393216
22401306,1746251771000,0,0,0
22401307,1746251783000,4,524288,0
22401308,1746251795000,0,0,131072
22401309,1746251807000,5,655360,0
22401310,1746251819000,1,131072,262144
22401311,1746251831000,4,524288,0
22401312,1746251843000,5,655360,131072
22401313,1746251855000,5,655360,393216
22401314,1746251867000,5,655360,655360
22401315,1746251879000,3,393216,917504
22401316,1746251891000,2,262144,917504
22401317,1746251903000,0,0,786432
22401318,1746251915000,6,786432,393216
22401319,1746251927000,6,786432,786432
22401320,1746251939000,6,786432,1179648
22401321,1746251951000,0,0,1572864
22401322,1746251963000,1,131072,1179648
22401323,1746251975000,0,0,917504
22401324,1746251987000,6,786432,524288
22401325,1746251999000,3,393216,917504
22401326,1746252011000,0,0,917504
22401327,1746252023000,0,0,524288
22401328,1746252035000,0,0,131072
22401329,1746252047000,6,786432,0
22401330,1746252059000,0,0,393216
22401331,1746252071000,4,524288,0
22401332,1746252083000,5,655360,131072
22401333,1746252095000,6,786432,393216
22401334,1746252107000,4,524288,786432
22401335,1746252119000,0,0,917504
22401336,1746252131000,0,0,524288
22401337,1746252143000,3,393216,131072
22401338,1746252155000,6,786432,131072
22401339,1746252167000,1,131072,524288
22401340,1746252179000,0,0,262144
22401341,1746252191000,1,131072,0
22401342,1746252203000,5,655360,0
22401343,1746252215000,6,786432,262144
22401344,1746252227000,5,655360,655360
22401345,1746252239000,0,0,917504
22401346,1746252251000,0,0,524288
22401347,1746252263000,6,786432,131072
22401348,1746252275000,5,655360,524288
22401349,1746252287000,3,393216,786432
22401350,1746252299000,6,786432,786432
22401351,1746252311000,5,655360,1179648
22401352,1746252323000,6,786432,1441792
22401353,1746252335000,1,131072,1835008
22401354,1746252347000,1,131072,1572864
22401355,1746252359000,3,393216,1310720
22401356,1746252371000,5,655360,1310720
22401357,1746252383000,3,393216,1572864
22401358,1746252395000,1,131072,1572864
22401359,1746252407000,1,131072,1310720
22401360,1746252419000,0,0,1048576
22401361,1746252431000,6,786432,655360
22401362,1746252443000,6,786432,1048576
22401363,1746252455000,3,393216,1441792
22401364,1746252467000,6,786432,1441792
22401365,1746252479000,6,786432,1835008
22401366,1746252491000,1,131072,2228224
22401367,1746252503000,4,524288,1966080
22401368,1746252515000,0,0,2097152
22401369,1746252527000,1,131072,1703936
22401370,1746252539000,6,786432,1441792
22401371,1746252551000,4,524288,1835008
22401372,1746252563000,0,0,1966080
22401373,1746252575000,4,524288,1572864
22401374,1746252587000,0,0,1703936
22401375,1746252599000,5,655360,1310720
22401376,1746252611000,1,131072,1572864
22401377,1746252623000,0,0,1310720
22401378,1746252635000,1,131072,917504
22401379,1746252647000,6,786432,655360
22401380,1746252659000,4,524288,1048576
22401381,1746252671000,0,0,1179648
22401382,1746252683000,0,0,786432
22401383,1746252695000,5,655360,393216
22401384,1746252707000,6,786432,655360
22401385,1746252719000,0,0,1048576
22401386,1746252731000,4,524288,655360
22401387,1746252743000,4,524288,786432
22401388,1746252755000,5,655360,917504
22401389,1746252767000,5,655360,1179648
22401390,1746252779000,1,131072,1441792
22401391,1746252791000,4,524288,1179648
22401392,1746252803000,1,131072,1310720
22401393,1746252815000,6,786432,1048576
22401394,1746252827000,1,131072,1441792
22401395,1746252839000,0,0,1179648
22401396,1746252851000,0,0,786432
22401397,1746252863000,4,524288,393216
22401398,1746252875000,6,786432,524288
22401399,1746252887000,0,0,917504
22401400,1746252899000,1,131072,524288
22401401,1746252923000,5,655360,262144
22401402,1746252935000,6,786432,524288
22401403,1746252947000,0,0,917504
22401404,1746252959000,0,0,524288
22401405,1746252971000,6,786432,131072
22401406,1746252983000,6,786432,524288
22401407,1746252995000,4,524288,917504
22401408,1746253007000,4,524288,1048576
22401409,1746253019000,5,655360,1179648
22401410,1746253031000,3,393216,1441792
22401411,1746253043000,1,131072,1441792
22401412,1746253055000,6,786432,1179648
22401413,1746253067000,6,786432,1572864
22401414,1746253079000,5,655360,1966080
22401415,1746253091000,0,0,2228224
22401416,1746253103000,1,131072,1835008
22401417,1746253115000,2,262144,1572864
22401418,1746253127000,0,0,1441792
22401419,1746253139000,5,655360,1048576
22401420,1746253151000,6,786432,1310720
22401421,1746253163000,6,786432,1703936
22401422,1746253175000,6,786432,2097152
22401423,1746253187000,4,524288,2490368
22401424,1746253199000,1,131072,2621440
22401425,1746253211000,1,131072,2359296
22401426,1746253223000,5,655360,2097152
22401427,1746253235000,6,786432,2359296
22401428,1746253247000,2,262144,2752512
22401429,1746253259000,1,131072,2621440
22401430,1746253271000,1,131072,2359296
22401431,1746253283000,6,786432,2097152
22401432,1746253295000,3,393216,2490368
22401433,1746253307000,1,131072,2490368
22401434,1746253319000,4,524288,2228224
22401435,1746253331000,1,131072,2359296
22401436,1746253343000,6,786432,2097152
22401437,1746253355000,1,131072,2490368
22401438,1746253367000,4,524288,2228224
22401439,1746253379000,1,131072,2359296
22401440,1746253391000,5,655360,2097152
22401441,1746253403000,2,262144,2359296
22401442,1746253415000,1,131072,2228224
22401443,1746253427000,1,131072,1966080
22401444,1746253439000,4,524288,1703936
22401445,1746253451000,5,655360,1835008
22401446,1746253463000,6,786432,2097152
22401447,1746253475000,4,524288,2490368
22401448,1746253487000,6,786432,2621440
22401449,1746253499000,6,786432,3014656
22401450,1746253511000,6,786432,3407872
22401451,1746253523000,4,524288,3801088
22401452,1746253535000,1,131072,3932160
22401453,1746253547000,1,131072,3670016
22401454,1746253559000,1,131072,3407872
22401455,1746253571000,5,655360,3145728
22401456,1746253583000,6,786432,3407872
22401457,1746253595000,4,524288,3801088
22401458,1746253607000,2,262144,3932160
22401459,1746253619000,6,786432,3801088
22401460,1746253631000,1,131072,4194304
22401461,1746253643000,0,0,3932160
22401462,1746253655000,0,0,3538944
22401463,1746253667000,4,524288,3145728
22401464,1746253679000,3,393216,3276800
22401465,1746253691000,5,655360,3276800
22401466,1746253703000,5,655360,3538944
22401467,1746253715000,0,0,3801088
22401468,1746253727000,1,131072,3407872
22401469,1746253739000,6,786432,3145728
22401470,1746253751000,4,524288,3538944
22401471,1746253763000,1,131072,3670016
22401472,1746253775000,1,131072,3407872
22401473,1746253787000,6,786432,3145728
22401474,1746253799000,6,786432,3538944
22401475,1746253811000,6,786432,3932160
22401476,1746253823000,3,393216,4325376
22401477,1746253835000,6,786432,4325376
22401478,1746253847000,1,131072,4718592
22401479,1746253859000,6,786432,4456448
22401480,1746253871000,3,393216,4849664
22401481,1746253883000,5,655360,4849664
22401482,1746253895000,4,524288,5111808
22401483,1746253907000,0,0,5242880
22401484,1746253919000,0,0,4849664
22401485,1746253931000,6,786432,4456448
22401486,1746253943000,0,0,4849664
22401487,1746253955000,4,524288,4456448
22401488,1746253967000,1,131072,4587520
22401489,1746253979000,1,131072,4325376
22401490,1746253991000,3,393216,4063232
22401491,1746254003000,6,786432,4063232
22401492,1746254015000,4,524288,4456448
22401493,1746254027000,4,524288,4587520
22401494,1746254039000,5,655360,4718592
22401495,1746254051000,0,0,4980736
22401496,1746254063000,6,786432,4587520
22401497,1746254075000,0,0,4980736
22401498,1746254087000,5,655360,4587520
22401499,1746254099000,0,0,4849664
22401500,1746254123000,3,393216,4456448
22401501,1746254135000,0,0,4456448
22401502,1746254147000,0,0,4063232
22401503,1746254159000,0,0,3670016
22401504,1746254171000,6,786432,3276800
22401505,1746254183000,6,786432,3670016
22401506,1746254195000,3,393216,4063232
22401507,1746254207000,0,0,4063232
22401508,1746254219000,6,786432,3670016
22401509,1746254231000,0,0,4063232
22401510,1746254243000,3,393216,3670016
22401511,1746254255000,5,655360,3670016
22401512,1746254267000,0,0,3932160
22401513,1746254279000,4,524288,3538944
22401514,1746254291000,0,0,3670016
22401515,1746254303000,6,786432,3276800
22401516,1746254315000,5,655360,3670016
22401517,1746254327000,3,393216,3932160
22401518,1746254339000,5,655360,3932160
22401519,1746254351000,6,786432,4194304
22401520,1746254363000,3,393216,4587520
22401521,1746254375000,5,655360,4587520
22401522,1746254387000,3,393216,4849664
22401523,1746254399000,1,131072,4849664
22401524,1746254411000,1,131072,4587520
22401525,1746254423000,0,0,4325376
22401526,1746254435000,5,655360,3932160
22401527,1746254447000,2,262144,4194304
22401528,1746254459000,0,0,4063232
22401529,1746254471000,3,393216,3670016
22401530,1746254483000,0,0,3670016
22401531,1746254495000,6,786432,3276800
22401532,1746254507000,1,131072,3670016
22401533,1746254519000,3,393216,3407872
22401534,1746254531000,0,0,3407872
22401535,1746254543000,3,393216,3014656
22401536,1746254555000,5,655360,3014656
22401537,1746254567000,4,524288,3276800
22401538,1746254579000,6,786432,3407872
22401539,1746254591000,0,0,3801088
22401540,1746254603000,5,655360,3407872
22401541,1746254627000,6,786432,3670016
22401542,1746254639000,4,524288,4063232
22401543,1746254651000,5,655360,4194304
22401544,1746254663000,1,131072,4456448
22401545,1746254675000,6,786432,4194304
22401546,1746254687000,0,0,4587520
22401547,1746254699000,4,524288,4194304
22401548,1746254711000,0,0,4325376
22401549,1746254723000,1,131072,3932160
22401550,1746254735000,0,0,3670016
22401551,1746254747000,5,655360,3276800
22401552,1746254759000,0,0,3538944
22401553,1746254771000,5,655360,3145728
22401554,1746254783000,0,0,3407872
22401555,1746254795000,3,393216,3014656
22401556,1746254807000,6,786432,3014656
22401557,1746254819000,0,0,3407872
22401558,1746254831000,0,0,3014656
22401559,1746254843000,6,786432,2621440
22401560,1746254855000,4,524288,3014656
22401561,1746254879000,1,131072,3145728
22401562,1746254891000,4,524288,2883584
22401563,1746254903000,6,786432,3014656
22401564,1746254915000,1,131072,3407872
22401565,1746254927000,4,524288,3145728
22401566,1746254939000,5,655360,3276800
22401567,1746254951000,0,0,3538944
22401568,1746254963000,6,786432,3145728
22401569,1746254975000,6,786432,3538944
22401570,1746254987000,1,131072,3932160
22401571,1746254999000,6,786432,3670016
22401572,1746255011000,4,524288,4063232
22401573,1746255023000,0,0,4194304
22401574,1746255035000,6,786432,3801088
22401575,1746255047000,4,524288,4194304
22401576,1746255059000,6,786432,4325376
22401577,1746255071000,6,786432,4718592
22401578,1746255083000,6,786432,5111808
22401579,1746255095000,5,655360,5505024
22401580,1746255107000,6,786432,5767168
22401581,1746255119000,1,131072,6160384
22401582,1746255131000,0,0,5898240
22401583,1746255143000,6,786432,5505024
22401584,1746255155000,6,786432,5898240
22401585,1746255167000,6,786432,6291456
22401586,1746255179000,4,524288,6684672
22401587,1746255203000,3,393216,6815744
22401588,1746255215000,6,786432,6815744
22401589,1746255227000,5,655360,7208960
22401590,1746255239000,6,786432,7471104
22401591,1746255251000,6,786432,7864320
22401592,1746255263000,1,131072,8257536
22401593,1746255275000,6,786432,7995392
22401594,1746255287000,0,0,8388608
22401595,1746255299000,6,786432,7995392
22401596,1746255323000,5,655360,8388608
22401597,1746255335000,3,393216,8650752
22401598,1746255347000,0,0,8650752
22401599,1746255359000,6,786432,8257536
22401600,1746255371000,0,0,8650752
22401601,1746255383000,6,786432,8257536
22401602,1746255395000,6,786432,8650752
22401603,1746255407000,0,0,9043968
22401604,1746255419000,6,786432,8650752
22401605,1746255431000,5,655360,9043968
22401606,1746255443000,0,0,9306112
22401607,1746255455000,6,786432,8912896
22401608,1746255467000,1,131072,9306112
22401609,1746255479000,3,393216,9043968
22401610,1746255491000,6,786432,9043968
22401611,1746255503000,6,786432,9437184
22401612,1746255515000,5,655360,9830400
22401613,1746255527000,1,131072,10092544
22401614,1746255539000,1,131072,9830400
22401615,1746255551000,6,786432,9568256
22401616,1746255563000,6,786432,9961472
22401617,1746255575000,5,655360,10354688
22401618,1746255587000,4,524288,10616832
22401619,1746255599000,6,786432,10747904
22401620,1746255611000,0,0,11141120
22401621,1746255623000,1,131072,10747904
22401622,1746255635000,0,0,10485760
22401623,1746255647000,4,524288,10092544
22401624,1746255659000,6,786432,10223616
22401625,1746255671000,1,131072,10616832
22401626,1746255683000,0,0,10354688
22401627,1746255695000,4,524288,9961472
22401628,1746255707000,1,131072,10092544
22401629,1746255719000,4,524288,9830400
22401630,1746255731000,5,655360,9961472
22401631,1746255743000,3,393216,10223616
22401632,1746255755000,0,0,10223616
22401633,1746255767000,6,786432,9830400
22401634,1746255779000,0,0,10223616
22401635,1746255791000,0,0,9830400
22401636,1746255803000,3,393216,9437184
22401637,1746255815000,0,0,9437184
22401638,1746255827000,6,786432,9043968
22401639,1746255839000,6,786432,9437184
22401640,1746255851000,1,131072,9830400
22401641,1746255863000,6,786432,9568256
22401642,1746255875000,6,786432,9961472
22401643,1746255887000,0,0,10354688
22401644,1746255899000,4,524288,9961472
22401645,1746255911000,0,0,10092544
22401646,1746255923000,6,786432,9699328
22401647,1746255935000,5,655360,10092544
22401648,1746255947000,6,786432,10354688
22401649,1746255959000,6,786432,10747904
22401650,1746255971000,0,0,11141120
22401651,1746255983000,6,786432,10747904
22401652,1746255995000,6,786432,11141120
22401653,1746256007000,2,262144,11534336
22401654,1746256019000,1,131072,11403264
22401655,1746256031000,0,0,11141120
22401656,1746256043000,5,655360,10747904
22401657,1746256055000,6,786432,11010048
22401658,1746256067000,4,524288,11403264
22401659,1746256079000,4,524288,11534336
22401660,1746256091000,0,0,11665408
22401661,1746256103000,3,393216,11272192
22401662,1746256115000,4,524288,11272192
22401663,1746256127000,6,786432,11403264
22401664,1746256139000,0,0,11796480
22401665,1746256151000,6,786432,11403264
22401666,1746256163000,2,262144,11796480
22401667,1746256175000,0,0,11665408
22401668,1746256187000,6,786432,11272192
22401669,1746256199000,0,0,11665408
22401670,1746256211000,6,786432,11272192
22401671,1746256223000,5,655360,11665408
22401672,1746256235000,6,786432,11927552
22401673,1746256247000,5,655360,12320768
22401674,1746256259000,6,786432,12582912
22401675,1746256271000,4,524288,12976128
22401676,1746256283000,0,0,13107200
22401677,1746256295000,6,786432,12713984
22401678,1746256307000,6,786432,13107200
22401679,1746256319000,6,786432,13500416
22401680,1746256331000,6,786432,13893632
22401681,1746256343000,4,524288,14286848
22401682,1746256355000,2,262144,14417920
22401683,1746256367000,0,0,14286848
22401684,1746256379000,0,0,13893632
22401685,1746256391000,4,524288,13500416
22401686,1746256403000,6,786432,13631488
22401687,1746256415000,3,393216,14024704
22401688,1746256427000,6,786432,14024704
22401689,1746256439000,6,786432,14417920
22401690,1746256451000,5,655360,14811136
22401691,1746256463000,5,655360,15073280
22401692,1746256475000,6,786432,15335424
22401693,1746256487000,3,393216,15728640
22401694,1746256499000,1,131072,15728640
22401695,1746256511000,6,786432,15466496
22401696,1746256523000,1,131072,15859712
22401697,1746256535000,0,0,15597568
22401698,1746256547000,0,0,15204352
22401699,1746256559000,6,786432,14811136
22401700,1746256571000,3,393216,15204352
22401701,1746256583000,0,0,15204352
22401702,1746256595000,4,524288,14811136
22401703,1746256607000,6,786432,14942208
22401704,1746256619000,0,0,15335424
22401705,1746256631000,6,786432,14942208
22401706,1746256643000,6,786432,15335424
22401707,1746256655000,4,524288,15728640
22401708,1746256667000,6,786432,15859712
22401709,1746256679000,6,786432,16252928
22401710,1746256691000,6,786432,16646144
22401711,1746256703000,5,655360,17039360
22401712,1746256715000,6,786432,17301504
22401713,1746256727000,5,655360,17694720
22401714,1746256739000,0,0,17956864
22401715,1746256751000,5,655360,17563648
22401716,1746256763000,6,786432,17825792
22401717,1746256775000,1,131072,18219008
22401718,1746256787000,0,0,17956864
22401719,1746256799000,6,786432,17563648
22401720,1746256811000,4,524288,17956864
22401721,1746256823000,5,655360,18087936
22401722,1746256835000,6,786432,18350080
22401723,1746256847000,6,786432,18743296
22401724,1746256859000,5,655360,19136512
22401725,1746256871000,6,786432,19398656
22401726,1746256883000,6,786432,19791872
22401727,1746256895000,4,524288,20185088
22401728,1746256907000,1,131072,20316160
22401729,1746256919000,6,786432,20054016
22401730,1746256931000,2,262144,20447232
22401731,1746256943000,0,0,20316160
22401732,1746256955000,4,524288,19922944
22401733,1746256967000,6,786432,20054016
22401734,1746256979000,4,524288,20447232
22401735,1746256991000,0,0,20578304
22401736,1746257003000,0,0,20185088
22401737,1746257015000,5,655360,19791872
22401738,1746257027000,6,786432,20054016
22401739,1746257039000,6,786432,20447232
22401740,1746257051000,3,393216,20840448
22401741,1746257063000,1,131072,20840448
22401742,1746257075000,6,786432,20578304
22401743,1746257087000,6,786432,20971520
22401744,1746257099000,4,524288,21364736
22401745,1746257111000,1,131072,21495808
22401746,1746257123000,3,393216,21233664
22401747,1746257135000,6,786432,21233664
22401748,1746257147000,1,131072,21626880
22401749,1746257159000,1,131072,21364736
22401750,1746257171000,1,131072,21102592
22401751,1746257183000,6,786432,20840448
22401752,1746257195000,1,131072,21233664
22401753,1746257207000,3,393216,20971520
22401754,1746257219000,1,131072,20971520
22401755,1746257231000,0,0,20709376
22401756,1746257243000,6,786432,20316160
22401757,1746257255000,2,262144,20709376
22401758,1746257267000,1,131072,20578304
22401759,1746257279000,4,524288,20316160
22401760,1746257291000,3,393216,20447232
22401761,1746257303000,6,786432,20447232
22401762,1746257315000,6,786432,20840448
22401763,1746257327000,6,786432,21233664
22401764,1746257339000,4,524288,21626880
22401765,1746257351000,6,786432,21757952
22401766,1746257363000,2,262144,22151168
22401767,1746257375000,3,393216,22020096
22401768,1746257387000,6,786432,22020096
22401769,1746257399000,1,131072,22413312
22401770,1746257411000,5,655360,22151168
22401771,1746257423000,2,262144,22413312
22401772,1746257435000,0,0,22282240
22401773,1746257447000,6,786432,21889024
22401774,1746257459000,6,786432,22282240
22401775,1746257471000,6,786432,22675456
22401776,1746257483000,4,524288,23068672
22401777,1746257495000,1,131072,23199744
22401778,1746257507000,0,0,22937600
22401779,1746257519000,0,0,22544384
22401780,1746257531000,4,524288,22151168
22401781,1746257543000,6,786432,22282240
22401782,1746257555000,1,131072,22675456
22401783,1746257567000,1,131072,22413312
22401784,1746257579000,6,786432,22151168
22401785,1746257591000,0,0,22544384
22401786,1746257603000,4,524288,22151168
22401787,1746257615000,5,655360,22282240
22401788,1746257627000,6,786432,22544384
22401789,1746257639000,0,0,22937600
22401790,1746257651000,4,524288,22544384
22401791,1746257663000,0,0,22675456
22401792,1746257675000,2,262144,22282240
22401793,1746257687000,6,786432,22151168
22401794,1746257699000,3,393216,22544384
22401795,1746257711000,1,131072,22544384
22401796,1746257723000,1,131072,22282240
22401797,1746257735000,6,786432,22020096
22401798,1746257747000,5,655360,22413312
22401799,1746257759000,0,0,22675456
22401800,1746257771000,0,0,22282240
22401801,1746257783000,4,524288,21889024
22401802,1746257795000,6,786432,22020096
22401803,1746257807000,6,786432,22413312
22401804,1746257819000,3,393216,22806528
22401805,1746257831000,1,131072,22806528
22401806,1746257843000,4,524288,22544384
22401807,1746257855000,6,786432,22675456
22401808,1746257867000,0,0,23068672
22401809,1746257879000,4,524288,22675456
22401810,1746257891000,0,0,22806528
22401811,1746257903000,5,655360,22413312
22401812,1746257915000,2,262144,22675456
22401813,1746257927000,4,524288,22544384
22401814,1746257939000,0,0,22675456
22401815,1746257951000,6,786432,22282240
22401816,1746257963000,2,262144,22675456
22401817,1746257975000,0,0,22544384
22401818,1746257987000,0,0,22151168
22401819,1746257999000,5,655360,21757952
22401820,1746258011000,0,0,22020096
22401821,1746258023000,0,0,21626880
22401822,1746258035000,4,524288,21233664
22401823,1746258047000,6,786432,21364736
22401824,1746258059000,0,0,21757952
22401825,1746258071000,5,655360,21364736
22401826,1746258083000,0,0,21626880
22401827,1746258095000,4,524288,21233664
22401828,1746258107000,5,655360,21364736
22401829,1746258119000,6,786432,21626880
22401830,1746258131000,6,786432,22020096
22401831,1746258143000,0,0,22413312
22401832,1746258155000,1,131072,22020096
22401833,1746258167000,6,786432,21757952
22401834,1746258179000,6,786432,22151168
22401835,1746258191000,5,655360,22544384
22401836,1746258203000,2,262144,22806528
22401837,1746258215000,5,655360,22675456
22401838,1746258227000,5,655360,22937600
22401839,1746258239000,0,0,23199744
22401840,1746258251000,3,393216,22806528
22401841,1746258263000,1,131072,22806528
22401842,1746258275000,0,0,22544384
22401843,1746258287000,6,786432,22151168
22401844,1746258299000,0,0,22544384
22401845,1746258311000,4,524288,22151168
22401846,1746258323000,4,524288,22282240
22401847,1746258335000,3,393216,22413312
22401848,1746258347000,6,786432,22413312
22401849,1746258359000,4,524288,22806528
22401850,1746258371000,1,131072,22937600
22401851,1746258383000,0,0,22675456
22401852,1746258395000,6,786432,22282240
22401853,1746258407000,3,393216,22675456
22401854,1746258419000,4,524288,22675456
22401855,1746258431000,6,786432,22806528
22401856,1746258443000,0,0,23199744
22401857,1746258455000,1,131072,22806528
22401858,1746258467000,1,131072,22544384
22401859,1746258479000,0,0,22282240
22401860,1746258491000,6,786432,21889024
22401861,1746258503000,6,786432,22282240
22401862,1746258515000,5,655360,22675456
22401863,1746258527000,2,262144,22937600
22401864,1746258539000,0,0,22806528
22401865,1746258551000,5,655360,22413312
22401866,1746258563000,0,0,22675456
22401867,1746258575000,0,0,22282240
22401868,1746258587000,4,524288,21889024
22401869,1746258599000,5,655360,22020096
22401870,1746258611000,5,655360,22282240
22401871,1746258623000,1,131072,22544384
22401872,1746258635000,1,131072,22282240
22401873,1746258647000,1,131072,22020096
22401874,1746258659000,3,393216,21757952
22401875,1746258671000,5,655360,21757952
22401876,1746258683000,4,524288,22020096
22401877,1746258695000,5,655360,22151168
22401878,1746258707000,0,0,22413312
22401879,1746258719000,3,393216,22020096
22401880,1746258731000,0,0,22020096
22401881,1746258743000,4,524288,21626880
22401882,1746258755000,6,786432,21757952
22401883,1746258767000,2,262144,22151168
22401884,1746258779000,0,0,22020096
22401885,1746258791000,5,655360,21626880
22401886,1746258803000,1,131072,21889024
22401887,1746258815000,1,131072,21626880
22401888,1746258827000,3,393216,21364736
22401889,1746258839000,0,0,21364736
22401890,1746258851000,0,0,20971520
22401891,1746258863000,3,393216,20578304
22401892,1746258875000,5,655360,20578304
22401893,1746258887000,2,262144,20840448
22401894,1746258899000,0,0,20709376
22401895,1746258911000,4,524288,20316160
22401896,1746258923000,6,786432,20447232
22401897,1746258935000,0,0,20840448
22401898,1746258947000,2,262144,20447232
22401899,1746258959000,5,655360,20316160
22401900,1746258971000,3,393216,20578304
22401901,1746258983000,4,524288,20578304
22401902,1746258995000,2,262144,20709376
22401903,1746259007000,3,393216,20578304
22401904,1746259019000,6,786432,20578304
22401905,1746259031000,5,655360,20971520
22401906,1746259043000,1,131072,21233664
22401907,1746259055000,1,131072,20971520
22401908,1746259067000,4,524288,20709376
22401909,1746259079000,5,655360,20840448
22401910,1746259091000,1,131072,21102592
22401911,1746259103000,0,0,20840448
22401912,1746259115000,5,655360,20447232
22401913,1746259127000,6,786432,20709376
22401914,1746259139000,1,131072,21102592
22401915,1746259151000,4,524288,20840448
22401916,1746259163000,6,786432,20971520
22401917,1746259175000,1,131072,21364736
22401918,1746259187000,1,131072,21102592
22401919,1746259199000,2,262144,20840448
22401920,1746259211000,1,131072,20709376
22401921,1746259223000,3,393216,20447232
22401922,1746259235000,6,786432,20447232
22401923,1746259247000,4,524288,20840448
22401924,1746259259000,6,786432,20971520
22401925,1746259271000,0,0,21364736
22401926,1746259283000,5,655360,20971520
22401927,1746259295000,3,393216,21233664
22401928,1746259307000,3,393216,21233664
22401929,1746259319000,6,786432,21233664
22401930,1746259331000,0,0,21626880
22401931,1746259343000,0,0,21233664
22401932,1746259355000,4,524288,20840448
22401933,1746259367000,6,786432,20971520
22401934,1746259379000,3,393216,21364736
22401935,1746259391000,1,131072,21364736
22401936,1746259403000,0,0,21102592
22401937,1746259415000,6,786432,20709376
22401938,1746259427000,1,131072,21102592
22401939,1746259439000,0,0,20840448
22401940,1746259451000,1,131072,20447232
22401941,1746259463000,6,786432,20185088
22401942,1746259475000,0,0,20578304
22401943,1746259487000,6,786432,20185088
22401944,1746259499000,6,786432,20578304
22401945,1746259511000,5,655360,20971520
22401946,1746259523000,4,524288,21233664
22401947,1746259535000,4,524288,21364736
22401948,1746259547000,0,0,21495808
22401949,1746259559000,1,131072,21102592
22401950,1746259571000,5,655360,20840448
22401951,1746259583000,0,0,21102592
22401952,1746259595000,6,786432,20709376
22401953,1746259607000,4,524288,21102592
22401954,1746259619000,5,655360,21233664
22401955,1746259631000,3,393216,21495808
22401956,1746259643000,0,0,21495808
22401957,1746259655000,1,131072,21102592
22401958,1746259667000,4,524288,20840448
22401959,1746259679000,5,655360,20971520
22401960,1746259691000,4,524288,21233664
22401961,1746259703000,5,655360,21364736
22401962,1746259715000,0,0,21626880
22401963,1746259727000,6,786432,21233664
22401964,1746259739000,1,131072,21626880
22401965,1746259751000,6,786432,21364736
22401966,1746259763000,4,524288,21757952
22401967,1746259775000,6,786432,21889024
22401968,1746259787000,3,393216,22282240
22401969,1746259799000,0,0,22282240
22401970,1746259811000,2,262144,21889024
22401971,1746259823000,5,655360,21757952
22401972,1746259835000,6,786432,22020096
22401973,1746259847000,6,786432,22413312
22401974,1746259859000,6,786432,22806528
22401975,1746259871000,3,393216,23199744
22401976,1746259883000,0,0,23199744
22401977,1746259895000,2,262144,22806528
22401978,1746259907000,5,655360,22675456
22401979,1746259919000,3,393216,22937600
22401980,1746259931000,6,786432,22937600
22401981,1746259943000,3,393216,23330816
22401982,1746259955000,6,786432,23330816
22401983,1746259967000,1,131072,23724032
22401984,1746259979000,1,131072,23461888
22401985,1746259991000,1,131072,23199744
22401986,1746260003000,4,524288,22937600
22401987,1746260015000,5,655360,23068672
22401988,1746260027000,6,786432,23330816
22401989,1746260039000,0,0,23724032
22401990,1746260051000,1,131072,23330816
22401991,1746260063000,6,786432,23068672
22401992,1746260075000,3,393216,23461888
22401993,1746260087000,3,393216,23461888
22401994,1746260099000,4,524288,23461888
22401995,1746260111000,6,786432,23592960
22401996,1746260123000,1,131072,23986176
22401997,1746260135000,0,0,23724032
22401998,1746260147000,2,262144,23330816
22401999,1746260159000,1,131072,23199744
22402000,1746260171000,0,0,22937600
22402001,1746260183000,0,0,22544384
22402002,1746260195000,6,786432,22151168
22402003,1746260207000,6,786432,22544384
22402004,1746260219000,4,524288,22937600
22402005,1746260231000,6,786432,23068672
22402006,1746260243000,0,0,23461888
22402007,1746260255000,0,0,23068672
22402008,1746260267000,6,786432,22675456
22402009,1746260279000,3,393216,23068672
22402010,1746260291000,1,131072,23068672
22402011,1746260303000,5,655360,22806528
22402012,1746260315000,1,131072,23068672
22402013,1746260327000,5,655360,22806528
22402014,1746260339000,1,131072,23068672
22402015,1746260351000,0,0,22806528
22402016,1746260363000,6,786432,22413312
22402017,1746260375000,6,786432,22806528
22402018,1746260387000,0,0,23199744
22402019,1746260399000,5,655360,22806528
22402020,1746260411000,0,0,23068672
22402021,1746260423000,5,655360,22675456
22402022,1746260435000,5,655360,22937600
22402023,1746260447000,1,131072,23199744
22402024,1746260459000,2,262144,22937600
22402025,1746260471000,5,655360,22806528
22402026,1746260483000,0,0,23068672
22402027,1746260495000,0,0,22675456
22402028,1746260507000,3,393216,22282240
22402029,1746260519000,6,786432,22282240
22402030,1746260531000,0,0,22675456
22402031,1746260543000,5,655360,22282240
22402032,1746260555000,4,524288,22544384
22402033,1746260567000,4,524288,22675456
22402034,1746260579000,5,655360,22806528
22402035,1746260591000,6,786432,23068672
22402036,1746260603000,6,786432,23461888
22402037,1746260615000,0,0,23855104
22402038,1746260627000,6,786432,23461888
22402039,1746260639000,0,0,23855104
22402040,1746260651000,5,655360,23461888
22402041,1746260663000,1,131072,23724032
22402042,1746260675000,0,0,23461888
22402043,1746260687000,6,786432,23068672
22402044,1746260699000,0,0,23461888
22402045,1746260711000,0,0,23068672
22402046,1746260723000,5,655360,22675456
22402047,1746260735000,4,524288,22937600
22402048,1746260747000,5,655360,23068672
22402049,1746260759000,0,0,23330816
22402050,1746260771000,6,786432,22937600
22402051,1746260783000,2,262144,23330816
22402052,1746260795000,0,0,23199744
22402053,1746260807000,6,786432,22806528
22402054,1746260819000,5,655360,23199744
22402055,1746260831000,0,0,23461888
22402056,1746260843000,5,655360,23068672
22402057,1746260855000,5,655360,23330816
22402058,1746260867000,1,131072,23592960
22402059,1746260879000,4,524288,23330816
22402060,1746260891000,3,393216,23461888
22402061,1746260903000,0,0,23461888
22402062,1746260915000,6,786432,23068672
22402063,1746260927000,5,655360,23461888
22402064,1746260939000,1,131072,23724032
22402065,1746260951000,4,524288,23461888
22402066,1746260963000,5,655360,23592960
22402067,1746260975000,6,786432,23855104
22402068,1746260987000,0,0,24248320
22402069,1746260999000,4,524288,23855104
22402070,1746261011000,0,0,23986176
22402071,1746261023000,5,655360,23592960
22402072,1746261035000,4,524288,23855104
22402073,1746261047000,1,131072,23986176
22402074,1746261059000,3,393216,23724032
22402075,1746261071000,1,131072,23724032
22402076,1746261083000,5,655360,23461888
22402077,1746261095000,1,131072,23724032
22402078,1746261119000,4,524288,23461888
22402079,1746261131000,1,131072,23592960
22402080,1746261143000,0,0,23330816
22402081,1746261155000,6,786432,22937600
22402082,1746261167000,4,524288,23330816
22402083,1746261179000,1,131072,23461888
22402084,1746261191000,6,786432,23199744
22402085,1746261203000,4,524288,23592960
22402086,1746261215000,6,786432,23724032
22402087,1746261227000,1,131072,24117248
22402088,1746261239000,5,655360,23855104
22402089,1746261251000,0,0,24117248
22402090,1746261263000,5,655360,23724032
22402091,1746261275000,4,524288,23986176
22402092,1746261287000,1,131072,24117248
22402093,1746261299000,1,131072,23855104
22402094,1746261311000,6,786432,23592960
22402095,1746261323000,1,131072,23986176
22402096,1746261335000,0,0,23724032
22402097,1746261347000,0,0,23330816
22402098,1746261359000,4,524288,22937600
22402099,1746261371000,5,655360,23068672
22402100,1746261383000,5,655360,23330816
22402101,1746261395000,0,0,23592960
22402102,1746261407000,0,0,23199744
22402103,1746261419000,6,786432,22806528
22402104,1746261431000,3,393216,23199744
22402105,1746261443000,5,655360,23199744
22402106,1746261455000,1,131072,23461888
22402107,1746261467000,2,262144,23199744
22402108,1746261479000,6,786432,23068672
22402109,1746261491000,0,0,23461888
22402110,1746261503000,3,393216,23068672
22402111,1746261515000,6,786432,23068672
22402112,1746261527000,5,655360,23461888
22402113,1746261539000,0,0,23724032
22402114,1746261551000,1,131072,23330816
22402115,1746261563000,1,131072,23068672
22402116,1746261575000,0,0,22806528
22402117,1746261587000,5,655360,22413312
22402118,1746261599000,4,524288,22675456
22402119,1746261611000,3,393216,22806528
22402120,1746261623000,0,0,22806528
22402121,1746261635000,1,131072,22413312
22402122,1746261647000,6,786432,22151168
22402123,1746261659000,1,131072,22544384
22402124,1746261671000,6,786432,22282240
22402125,1746261683000,0,0,22675456
22402126,1746261695000,6,786432,22282240
22402127,1746261707000,4,524288,22675456
22402128,1746261719000,0,0,22806528
22402129,1746261731000,0,0,22413312
22402130,1746261755000,4,524288,22020096
22402131,1746261767000,6,786432,22151168
22402132,1746261779000,5,655360,22544384
22402133,1746261791000,1,131072,22806528
22402134,1746261803000,0,0,22544384
22402135,1746261815000,0,0,22151168
22402136,1746261827000,5,655360,21757952
22402137,1746261839000,4,524288,22020096
22402138,1746261851000,0,0,22151168
22402139,1746261863000,6,786432,21757952
22402140,1746261875000,4,524288,22151168
22402141,1746261887000,6,786432,22282240
22402142,1746261899000,5,655360,22675456
22402143,1746261911000,5,655360,22937600
22402144,1746261923000,5,655360,23199744
22402145,1746261935000,0,0,23461888
22402146,1746261947000,0,0,23068672
22402147,1746261959000,1,131072,22675456
22402148,1746261971000,6,786432,22413312
22402149,1746261983000,4,524288,22806528
22402150,1746261995000,4,524288,22937600
22402151,1746262007000,0,0,23068672
22402152,1746262019000,6,786432,22675456
22402153,1746262031000,3,393216,23068672
22402154,1746262043000,0,0,23068672
22402155,1746262055000,0,0,22675456
22402156,1746262067000,6,786432,22282240
22402157,1746262079000,3,393216,22675456
22402158,1746262091000,1,131072,22675456
22402159,1746262103000,0,0,22413312
22402160,1746262115000,5,655360,22020096
22402161,1746262127000,1,131072,22282240
22402162,1746262139000,0,0,22020096
22402163,1746262151000,0,0,21626880
22402164,1746262163000,4,524288,21233664
22402165,1746262175000,0,0,21364736
22402166,1746262187000,6,786432,20971520
22402167,1746262199000,3,393216,21364736
22402168,1746262211000,6,786432,21364736
22402169,1746262223000,5,655360,21757952
22402170,1746262235000,5,655360,22020096
22402171,1746262247000,6,786432,22282240
22402172,1746262259000,6,786432,22675456
22402173,1746262271000,1,131072,23068672
22402174,1746262283000,6,786432,22806528
22402175,1746262295000,0,0,23199744
22402176,1746262307000,2,262144,22806528
22402177,1746262319000,4,524288,22675456
22402178,1746262331000,6,786432,22806528
22402179,1746262343000,0,0,23199744
22402180,1746262355000,0,0,22806528
22402181,1746262367000,6,786432,22413312
22402182,1746262379000,6,786432,22806528
22402183,1746262391000,5,655360,23199744
22402184,1746262403000,3,393216,23461888
22402185,1746262415000,1,131072,23461888
22402186,1746262427000,0,0,23199744
22402187,1746262439000,6,786432,22806528
22402188,1746262451000,1,131072,23199744
22402189,1746262463000,0,0,22937600
22402190,1746262475000,6,786432,22544384
22402191,1746262487000,0,0,22937600
22402192,1746262499000,5,655360,22544384
22402193,1746262511000,1,131072,22806528
22402194,1746262523000,1,131072,22544384
22402195,1746262535000,0,0,22282240
22402196,1746262547000,2,262144,21889024
22402197,1746262559000,6,786432,21757952
22402198,1746262571000,5,655360,22151168
22402199,1746262583000,0,0,22413312
22402200,1746262595000,6,786432,22020096
22402201,1746262607000,0,0,22413312
22402202,1746262619000,0,0,22020096
22402203,1746262631000,5,655360,21626880
22402204,1746262643000,3,393216,21889024
22402205,1746262655000,1,131072,21889024
22402206,1746262667000,1,131072,21626880
22402207,1746262679000,5,655360,21364736
22402208,1746262691000,1,131072,21626880
22402209,1746262703000,1,131072,21364736
22402210,1746262715000,1,131072,21102592
22402211,1746262727000,6,786432,20840448
22402212,1746262739000,6,786432,21233664
22402213,1746262751000,0,0,21626880
22402214,1746262763000,1,131072,21233664
22402215,1746262775000,6,786432,20971520
22402216,1746262787000,6,786432,21364736
22402217,1746262799000,0,0,21757952
22402218,1746262811000,6,786432,21364736
22402219,1746262823000,6,786432,21757952
22402220,1746262835000,5,655360,22151168
22402221,1746262847000,5,655360,22413312
22402222,1746262859000,6,786432,22675456
22402223,1746262871000,1,131072,23068672
22402224,1746262883000,6,786432,22806528
22402225,1746262895000,6,786432,23199744
22402226,1746262907000,5,655360,23592960
22402227,1746262919000,5,655360,23855104
22402228,1746262931000,6,786432,24117248
22402229,1746262943000,0,0,24510464
22402230,1746262955000,6,786432,24117248
22402231,1746262967000,6,786432,24510464
22402232,1746262979000,0,0,24903680
22402233,1746262991000,6,786432,24510464
22402234,1746263003000,3,393216,24903680
22402235,1746263015000,5,655360,24903680
22402236,1746263027000,6,786432,25165824
22402237,1746263039000,5,655360,25559040
22402238,1746263051000,4,524288,25821184
22402239,1746263063000,5,655360,25952256
22402240,1746263075000,6,786432,26214400
22402241,1746263087000,6,786432,26607616
22402242,1746263099000,4,524288,27000832
22402243,1746263111000,6,786432,27131904
22402244,1746263123000,4,524288,27525120
22402245,1746263135000,4,524288,27656192
22402246,1746263147000,2,262144,27787264
22402247,1746263159000,5,655360,27656192
22402248,1746263171000,0,0,27918336
22402249,1746263183000,1,131072,27525120
22402250,1746263195000,3,393216,27262976
22402251,1746263207000,1,131072,27262976
22402252,1746263219000,0,0,27000832
22402253,1746263231000,0,0,26607616
22402254,1746263243000,5,655360,26214400
22402255,1746263255000,6,786432,26476544
22402256,1746263267000,2,262144,26869760
22402257,1746263279000,6,786432,26738688
22402258,1746263291000,5,655360,27131904
22402259,1746263303000,2,262144,27394048
22402260,1746263315000,1,131072,27262976
22402261,1746263327000,6,786432,27000832
22402262,1746263339000,4,524288,27394048
22402263,1746263351000,0,0,27525120
22402264,1746263363000,0,0,27131904
22402265,1746263375000,5,655360,26738688
22402266,1746263387000,0,0,27000832
22402267,1746263399000,5,655360,26607616
22402268,1746263411000,4,524288,26869760
22402269,1746263423000,6,786432,27000832
22402270,1746263435000,4,524288,27394048
22402271,1746263447000,6,786432,27525120
22402272,1746263459000,1,131072,27918336
22402273,1746263471000,5,655360,27656192
22402274,1746263483000,1,131072,27918336
22402275,1746263495000,6,786432,27656192
22402276,1746263507000,0,0,28049408
22402277,1746263519000,4,524288,27656192
22402278,1746263531000,0,0,27787264
22402279,1746263543000,4,524288,27394048
22402280,1746263555000,0,0,27525120
22402281,1746263567000,6,786432,27131904
22402282,1746263579000,2,262144,27525120
22402283,1746263591000,3,393216,27394048
22402284,1746263603000,1,131072,27394048
22402285,1746263615000,6,786432,27131904
22402286,1746263627000,0,0,27525120
22402287,1746263639000,1,131072,27131904
22402288,1746263651000,0,0,26869760
22402289,1746263663000,0,0,26476544
22402290,1746263675000,6,786432,26083328
22402291,1746263687000,6,786432,26476544
22402292,1746263699000,1,131072,26869760
22402293,1746263711000,0,0,26607616
22402294,1746263723000,0,0,26214400
22402295,1746263735000,4,524288,25821184
22402296,1746263747000,6,786432,25952256
22402297,1746263759000,3,393216,26345472
22402298,1746263771000,0,0,26345472
22402299,1746263783000,6,786432,25952256
22402300,1746263795000,5,655360,26345472
22402301,1746263807000,1,131072,26607616
22402302,1746263819000,0,0,26345472
22402303,1746263831000,4,524288,25952256
22402304,1746263843000,6,786432,26083328
22402305,1746263855000,1,131072,26476544
22402306,1746263867000,5,655360,26214400
22402307,1746263879000,4,524288,26476544
22402308,1746263891000,1,131072,26607616
22402309,1746263903000,3,393216,26345472
22402310,1746263915000,6,786432,26345472
22402311,1746263927000,2,262144,26738688
22402312,1746263939000,2,262144,26607616
22402313,1746263951000,5,655360,26476544
22402314,1746263963000,6,786432,26738688
22402315,1746263975000,1,131072,27131904
22402316,1746263987000,4,524288,26869760
22402317,1746263999000,0,0,27000832
22402318,1746264011000,6,786432,26607616
22402319,1746264035000,0,0,27000832
22402320,1746264047000,4,524288,26607616
22402321,1746264059000,0,0,26738688
22402322,1746264071000,3,393216,26345472
22402323,1746264083000,6,786432,26345472
22402324,1746264095000,0,0,26738688
22402325,1746264107000,0,0,26345472
22402326,1746264119000,2,262144,25952256
22402327,1746264131000,5,655360,25821184
22402328,1746264143000,5,655360,26083328
22402329,1746264155000,1,131072,26345472
22402330,1746264167000,5,655360,26083328
22402331,1746264179000,1,131072,26345472
22402332,1746264191000,6,786432,26083328
22402333,1746264203000,3,393216,26476544
22402334,1746264215000,3,393216,26476544
22402335,1746264227000,0,0,26476544
22402336,1746264239000,4,524288,26083328
22402337,1746264251000,5,655360,26214400
22402338,1746264263000,1,131072,26476544
22402339,1746264275000,0,0,26214400
22402340,1746264287000,6,786432,25821184
22402341,1746264299000,4,524288,26214400
22402342,1746264311000,0,0,26345472
22402343,1746264323000,6,786432,25952256
22402344,1746264335000,1,131072,26345472
22402345,1746264347000,0,0,26083328
22402346,1746264359000,6,786432,25690112
22402347,1746264371000,4,524288,26083328
22402348,1746264383000,0,0,26214400
22402349,1746264395000,2,262144,25821184
22402350,1746264407000,4,524288,25690112
22402351,1746264419000,6,786432,25821184
22402352,1746264431000,5,655360,26214400
22402353,1746264443000,4,524288,26476544
22402354,1746264455000,5,655360,26607616
22402355,1746264467000,6,786432,26869760
22402356,1746264479000,0,0,27262976
22402357,1746264491000,1,131072,26869760
22402358,1746264503000,5,655360,26607616
22402359,1746264515000,0,0,26869760
22402360,1746264539000,5,655360,26476544
22402361,1746264551000,4,524288,26738688
22402362,1746264563000,1,131072,26869760
22402363,1746264575000,4,524288,26607616
22402364,1746264587000,6,786432,26738688
22402365,1746264599000,3,393216,27131904
22402366,1746264611000,0,0,27131904
22402367,1746264623000,1,131072,26738688
22402368,1746264635000,6,786432,26476544
22402369,1746264647000,5,655360,26869760
22402370,1746264659000,0,0,27131904
22402371,1746264671000,3,393216,26738688
22402372,1746264683000,6,786432,26738688
22402373,1746264695000,1,131072,27131904
22402374,1746264707000,0,0,26869760
22402375,1746264719000,0,0,26476544
22402376,1746264731000,0,0,26083328
22402377,1746264743000,4,524288,25690112
22402378,1746264755000,0,0,25821184
22402379,1746264767000,4,524288,25427968
22402380,1746264779000,6,786432,25559040
22402381,1746264791000,6,786432,25952256
22402382,1746264803000,6,786432,26345472
22402383,1746264815000,3,393216,26738688
22402384,1746264827000,0,0,26738688
22402385,1746264839000,6,786432,26345472
22402386,1746264851000,2,262144,26738688
22402387,1746264863000,1,131072,26607616
22402388,1746264875000,5,655360,26345472
22402389,1746264887000,4,524288,26607616
22402390,1746264899000,5,655360,26738688
22402391,1746264911000,0,0,27000832
22402392,1746264923000,1,131072,26607616
22402393,1746264935000,4,524288,26345472
22402394,1746264947000,0,0,26476544
22402395,1746264959000,5,655360,26083328
22402396,1746264971000,4,524288,26345472
22402397,1746264983000,0,0,26476544
22402398,1746264995000,6,786432,26083328
22402399,1746265007000,4,524288,26476544
22402400,1746265019000,0,0,26607616
22402401,1746265031000,1,131072,26214400
22402402,1746265043000,5,655360,25952256
22402403,1746265055000,4,524288,26214400
22402404,1746265067000,6,786432,26345472
22402405,1746265079000,6,786432,26738688
22402406,1746265091000,1,131072,27131904
22402407,1746265103000,6,786432,26869760
22402408,1746265115000,6,786432,27262976
22402409,1746265127000,5,655360,27656192
22402410,1746265139000,4,524288,27918336
22402411,1746265151000,0,0,28049408
22402412,1746265163000,5,655360,27656192
22402413,1746265175000,0,0,27918336
22402414,1746265187000,1,131072,27525120
22402415,1746265199000,3,393216,27262976
22402416,1746265211000,1,131072,27262976
22402417,1746265223000,5,655360,27000832
22402418,1746265235000,3,393216,27262976
22402419,1746265247000,1,131072,27262976
22402420,1746265259000,2,262144,27000832
22402421,1746265271000,3,393216,26869760
22402422,1746265283000,6,786432,26869760
22402423,1746265295000,0,0,27262976
22402424,1746265307000,4,524288,26869760
22402425,1746265319000,5,655360,27000832
22402426,1746265331000,6,786432,27262976
22402427,1746265343000,3,393216,27656192
22402428,1746265355000,3,393216,27656192
22402429,1746265367000,1,131072,27656192
22402430,1746265379000,0,0,27394048
22402431,1746265391000,6,786432,27000832
22402432,1746265403000,0,0,27394048
22402433,1746265415000,4,524288,27000832
22402434,1746265427000,0,0,27131904
22402435,1746265439000,6,786432,26738688
22402436,1746265451000,0,0,27131904
22402437,1746265463000,0,0,26738688
22402438,1746265475000,2,262144,26345472
22402439,1746265487000,3,393216,26214400
22402440,1746265499000,3,393216,26214400
22402441,1746265511000,6,786432,26214400
22402442,1746265523000,6,786432,26607616
22402443,1746265535000,0,0,27000832
22402444,1746265547000,4,524288,26607616
22402445,1746265559000,0,0,26738688
22402446,1746265571000,5,655360,26345472
22402447,1746265583000,0,0,26607616
22402448,1746265595000,6,786432,26214400
22402449,1746265607000,6,786432,26607616
22402450,1746265619000,6,786432,27000832
22402451,1746265631000,0,0,27394048
22402452,1746265643000,4,524288,27000832
22402453,1746265655000,5,655360,27131904
22402454,1746265667000,6,786432,27394048
22402455,1746265679000,4,524288,27787264
22402456,1746265691000,0,0,27918336
22402457,1746265703000,5,655360,27525120
22402458,1746265715000,6,786432,27787264
22402459,1746265727000,0,0,28180480
22402460,1746265739000,1,131072,27787264
22402461,1746265751000,1,131072,27525120
22402462,1746265763000,1,131072,27262976
22402463,1746265775000,6,786432,27000832
22402464,1746265787000,3,393216,27394048
22402465,1746265799000,0,0,27394048
22402466,1746265811000,3,393216,27000832
22402467,1746265823000,5,655360,27000832
22402468,1746265835000,2,262144,27262976
22402469,1746265847000,0,0,27131904
22402470,1746265859000,0,0,26738688
22402471,1746265871000,0,0,26345472
22402472,1746265883000,0,0,25952256
22402473,1746265895000,4,524288,25559040
22402474,1746265907000,5,655360,25690112
22402475,1746265919000,4,524288,25952256
22402476,1746265931000,4,524288,26083328
22402477,1746265943000,6,786432,26214400
22402478,1746265955000,6,786432,26607616
22402479,1746265967000,6,786432,27000832
22402480,1746265979000,0,0,27394048
22402481,1746265991000,0,0,27000832
22402482,1746266003000,4,524288,26607616
22402483,1746266015000,5,655360,26738688
22402484,1746266027000,0,0,27000832
22402485,1746266039000,2,262144,26607616
22402486,1746266051000,4,524288,26476544
22402487,1746266063000,0,0,26607616
22402488,1746266075000,6,786432,26214400
22402489,1746266087000,4,524288,26607616
22402490,1746266099000,4,524288,26738688
22402491,1746266111000,5,655360,26869760
22402492,1746266123000,1,131072,27131904
22402493,1746266135000,4,524288,26869760
22402494,1746266147000,5,655360,27000832
22402495,1746266159000,0,0,27262976
22402496,1746266171000,1,131072,26869760
22402497,1746266183000,3,393216,26607616
22402498,1746266195000,6,786432,26607616
22402499,1746266207000,6,786432,27000832
22402500,1746266219000,4,524288,27394048
22402501,1746266231000,0,0,27525120
22402502,1746266243000,4,524288,27131904
22402503,1746266255000,0,0,27262976
22402504,1746266267000,4,524288,26869760
22402505,1746266279000,3,393216,27000832
22402506,1746266291000,6,786432,27000832
22402507,1746266303000,5,655360,27394048
22402508,1746266315000,2,262144,27656192
22402509,1746266327000,0,0,27525120
22402510,1746266339000,6,786432,27131904
22402511,1746266351000,0,0,27525120
22402512,1746266363000,4,524288,27131904
22402513,1746266375000,5,655360,27262976
22402514,1746266387000,4,524288,27525120
22402515,1746266399000,1,131072,27656192
22402516,1746266411000,5,655360,27394048
22402517,1746266423000,4,524288,27656192
22402518,1746266435000,6,786432,27787264
22402519,1746266447000,6,786432,28180480
22402520,1746266459000,0,0,28573696
22402521,1746266471000,1,131072,28180480
22402522,1746266483000,4,524288,27918336
22402523,1746266495000,4,524288,28049408
22402524,1746266507000,1,131072,28180480
22402525,1746266519000,6,786432,27918336
22402526,1746266531000,1,131072,28311552
22402527,1746266543000,1,131072,28049408
22402528,1746266555000,2,262144,27787264
22402529,1746266567000,4,524288,27656192
22402530,1746266579000,6,786432,27787264
22402531,1746266591000,2,262144,28180480
22402532,1746266603000,1,131072,28049408
22402533,1746266615000,0,0,27787264
22402534,1746266627000,3,393216,27394048
22402535,1746266639000,6,786432,27394048
22402536,1746266651000,6,786432,27787264
22402537,1746266663000,1,131072,28180480
22402538,1746266675000,6,786432,27918336
22402539,1746266687000,0,0,28311552
22402540,1746266699000,6,786432,27918336
22402541,1746266711000,6,786432,28311552
22402542,1746266723000,0,0,28704768
22402543,1746266735000,6,786432,28311552
22402544,1746266747000,0,0,28704768
22402545,1746266759000,6,786432,28311552
22402546,1746266771000,0,0,28704768
22402547,1746266783000,3,393216,28311552
22402548,1746266795000,1,131072,28311552
22402549,1746266807000,4,524288,28049408
22402550,1746266819000,1,131072,28180480
22402551,1746266831000,4,524288,27918336
22402552,1746266843000,6,786432,28049408
22402553,1746266855000,4,524288,28442624
22402554,1746266867000,0,0,28573696
22402555,1746266879000,0,0,28180480
22402556,1746266891000,1,131072,27787264
22402557,1746266903000,6,786432,27525120
22402558,1746266915000,1,131072,27918336
22402559,1746266927000,1,131072,27656192
22402560,1746266939000,4,524288,27394048
22402561,1746266951000,0,0,27525120
22402562,1746266963000,6,786432,27131904
22402563,1746266975000,0,0,27525120
22402564,1746266987000,0,0,27131904
22402565,1746266999000,6,786432,26738688
22402566,1746267011000,0,0,27131904
22402567,1746267023000,5,655360,26738688
22402568,1746267035000,6,786432,27000832
22402569,1746267047000,6,786432,27394048
22402570,1746267059000,1,131072,27787264
22402571,1746267071000,6,786432,27525120
22402572,1746267083000,0,0,27918336
22402573,1746267095000,3,393216,27525120
22402574,1746267107000,0,0,27525120
22402575,1746267119000,4,524288,27131904
22402576,1746267131000,0,0,27262976
22402577,1746267143000,6,786432,26869760
22402578,1746267155000,6,786432,27262976
22402579,1746267167000,6,786432,27656192
22402580,1746267179000,2,262144,28049408
22402581,1746267191000,5,655360,27918336
22402582,1746267203000,1,131072,28180480
22402583,1746267215000,4,524288,27918336
22402584,1746267227000,0,0,28049408
22402585,1746267239000,0,0,27656192
22402586,1746267251000,5,655360,27262976
22402587,1746267263000,5,655360,27525120
22402588,1746267275000,0,0,27787264
22402589,1746267287000,6,786432,27394048
22402590,1746267299000,4,524288,27787264
22402591,1746267311000,6,786432,27918336
22402592,1746267323000,4,524288,28311552
22402593,1746267335000,4,524288,28442624
22402594,1746267347000,6,786432,28573696
22402595,1746267359000,0,0,28966912
22402596,1746267371000,4,524288,28573696
22402597,1746267383000,1,131072,28704768
22402598,1746267395000,5,655360,28442624
22402599,1746267407000,4,524288,28704768
22402600,1746267419000,5,655360,28835840
22402601,1746267431000,1,131072,29097984
22402602,1746267443000,6,786432,28835840
22402603,1746267455000,0,0,29229056
22402604,1746267467000,4,524288,28835840
22402605,1746267479000,0,0,28966912
22402606,1746267491000,0,0,28573696
22402607,1746267503000,0,0,28180480
22402608,1746267515000,6,786432,27787264
22402609,1746267527000,4,524288,28180480
22402610,1746267539000,1,131072,28311552
22402611,1746267551000,0,0,28049408
22402612,1746267563000,5,655360,27656192
22402613,1746267575000,5,655360,27918336
22402614,1746267587000,4,524288,28180480
22402615,1746267599000,0,0,28311552
22402616,1746267611000,4,524288,27918336
22402617,1746267623000,5,655360,28049408
22402618,1746267635000,0,0,28311552
22402619,1746267647000,0,0,27918336
22402620,1746267659000,1,131072,27525120
22402621,1746267671000,0,0,27262976
22402622,1746267683000,4,524288,26869760
22402623,1746267695000,6,786432,27000832
22402624,1746267707000,4,524288,27394048
22402625,1746267719000,5,655360,27525120
22402626,1746267731000,4,524288,27787264
22402627,1746267743000,5,655360,27918336
22402628,1746267755000,4,524288,28180480
22402629,1746267767000,1,131072,28311552
22402630,1746267779000,5,655360,28049408
22402631,1746267791000,0,0,28311552
22402632,1746267803000,1,131072,27918336
22402633,1746267815000,5,655360,27656192
22402634,1746267827000,4,524288,27918336
22402635,1746267839000,0,0,28049408
22402636,1746267851000,6,786432,27656192
22402637,1746267863000,3,393216,28049408
22402638,1746267875000,1,131072,28049408
22402639,1746267887000,0,0,27787264
22402640,1746267899000,4,524288,27394048
22402641,1746267911000,5,655360,27525120
22402642,1746267923000,0,0,27787264
22402643,1746267935000,6,786432,27394048
22402644,1746267947000,6,786432,27787264
22402645,1746267959000,1,131072,28180480
22402646,1746267971000,6,786432,27918336
22402647,1746267983000,3,393216,28311552
22402648,1746267995000,0,0,28311552
22402649,1746268007000,6,786432,27918336
22402650,1746268019000,1,131072,28311552
22402651,1746268031000,6,786432,28049408
22402652,1746268043000,0,0,28442624
22402653,1746268055000,0,0,28049408
22402654,1746268067000,5,655360,27656192
22402655,1746268079000,4,524288,27918336
22402656,1746268091000,5,655360,28049408
22402657,1746268103000,0,0,28311552
22402658,1746268115000,0,0,27918336
22402659,1746268127000,4,524288,27525120
22402660,1746268139000,6,786432,27656192
22402661,1746268151000,0,0,28049408
22402662,1746268163000,0,0,27656192
22402663,1746268175000,2,262144,27262976
22402664,1746268187000,0,0,27131904
22402665,1746268199000,0,0,26738688
22402666,1746268211000,3,393216,26345472
22402667,1746268223000,4,524288,26345472
22402668,1746268235000,6,786432,26476544
22402669,1746268247000,6,786432,26869760
22402670,1746268259000,5,655360,27262976
22402671,1746268271000,3,393216,27525120
22402672,1746268283000,4,524288,27525120
22402673,1746268295000,5,655360,27656192
22402674,1746268307000,5,655360,27918336
22402675,1746268319000,6,786432,28180480
22402676,1746268331000,0,0,28573696
22402677,1746268343000,3,393216,28180480
22402678,1746268355000,4,524288,28180480
22402679,1746268367000,6,786432,28311552
22402680,1746268379000,0,0,28704768
22402681,1746268391000,0,0,28311552
22402682,1746268403000,5,655360,27918336
22402683,1746268415000,4,524288,28180480
22402684,1746268427000,0,0,28311552
22402685,1746268439000,4,524288,27918336
22402686,1746268451000,6,786432,28049408
22402687,1746268463000,3,393216,28442624
22402688,1746268475000,0,0,28442624
22402689,1746268487000,6,786432,28049408
22402690,1746268499000,0,0,28442624
22402691,1746268511000,4,524288,28049408
22402692,1746268523000,1,131072,28180480
22402693,1746268535000,5,655360,27918336
22402694,1746268547000,0,0,28180480
22402695,1746268559000,4,524288,27787264
22402696,1746268571000,0,0,27918336
22402697,1746268583000,0,0,27525120
22402698,1746268595000,0,0,27131904
22402699,1746268607000,4,524288,26738688
22402700,1746268619000,6,786432,26869760
22402701,1746268631000,3,393216,27262976
22402702,1746268643000,6,786432,27262976
22402703,1746268655000,6,786432,27656192
22402704,1746268667000,0,0,28049408
22402705,1746268679000,0,0,27656192
22402706,1746268691000,4,524288,27262976
22402707,1746268703000,5,655360,27394048
22402708,1746268715000,4,524288,27656192
22402709,1746268727000,5,655360,27787264
22402710,1746268739000,1,131072,28049408
22402711,1746268751000,4,524288,27787264
22402712,1746268763000,6,786432,27918336
22402713,1746268775000,4,524288,28311552
22402714,1746268787000,4,524288,28442624
22402715,1746268799000,5,655360,28573696
22402716,1746268811000,6,786432,28835840
22402717,1746268823000,1,131072,29229056
22402718,1746268835000,0,0,28966912
22402719,1746268847000,4,524288,28573696
22402720,1746268859000,1,131072,28704768
22402721,1746268871000,6,786432,28442624
22402722,1746268883000,1,131072,28835840
22402723,1746268895000,3,393216,28573696
22402724,1746268907000,2,262144,28573696
22402725,1746268919000,1,131072,28442624
22402726,1746268931000,6,786432,28180480
22402727,1746268943000,4,524288,28573696
22402728,1746268955000,0,0,28704768
22402729,1746268967000,1,131072,28311552
22402730,1746268979000,0,0,28049408
22402731,1746268991000,6,786432,27656192
22402732,1746269003000,6,786432,28049408
22402733,1746269015000,5,655360,28442624
22402734,1746269027000,5,655360,28704768
22402735,1746269039000,4,524288,28966912
22402736,1746269051000,3,393216,29097984
22402737,1746269063000,1,131072,29097984
22402738,1746269075000,6,786432,28835840
22402739,1746269087000,1,131072,29229056
22402740,1746269099000,1,131072,28966912
22402741,1746269111000,1,131072,28704768
22402742,1746269123000,6,786432,28442624
22402743,1746269135000,5,655360,28835840
22402744,1746269147000,1,131072,29097984
22402745,1746269159000,4,524288,28835840
22402746,1746269171000,6,786432,28966912
22402747,1746269183000,1,131072,29360128
22402748,1746269195000,1,131072,29097984
22402749,1746269207000,3,393216,28835840
22402750,1746269219000,5,655360,28835840
22402751,1746269231000,5,655360,29097984
22402752,1746269243000,5,655360,29360128
22402753,1746269255000,1,131072,29622272
22402754,1746269267000,5,655360,29360128
22402755,1746269279000,4,524288,29622272
22402756,1746269291000,4,524288,29753344
22402757,1746269303000,1,131072,29884416
22402758,1746269315000,3,393216,29622272
22402759,1746269327000,6,786432,29622272
22402760,1746269339000,4,524288,30015488
22402761,1746269351000,0,0,30146560
22402762,1746269363000,4,524288,29753344
22402763,1746269375000,5,655360,29884416
22402764,1746269387000,6,786432,30146560
22402765,1746269399000,0,0,30539776
22402766,1746269411000,0,0,30146560
22402767,1746269435000,3,393216,29753344
22402768,1746269447000,6,786432,29753344
22402769,1746269459000,4,524288,30146560
22402770,1746269471000,0,0,30277632
22402771,1746269483000,0,0,29884416
22402772,1746269495000,4,524288,29491200
22402773,1746269507000,6,786432,29622272
22402774,1746269519000,0,0,30015488
22402775,1746269531000,0,0,29622272
22402776,1746269543000,6,786432,29229056
22402777,1746269555000,4,524288,29622272
22402778,1746269567000,0,0,29753344
22402779,1746269579000,0,0,29360128
22402780,1746269591000,0,0,28966912
22402781,1746269603000,6,786432,28573696
22402782,1746269615000,3,393216,28966912
22402783,1746269627000,2,262144,28966912
22402784,1746269639000,3,393216,28835840
22402785,1746269651000,6,786432,28835840
22402786,1746269663000,1,131072,29229056
22402787,1746269675000,1,131072,28966912
22402788,1746269687000,0,0,28704768
22402789,1746269699000,2,262144,28311552
22402790,1746269711000,4,524288,28180480
22402791,1746269723000,5,655360,28311552
22402792,1746269735000,0,0,28573696
22402793,1746269747000,1,131072,28180480
22402794,1746269759000,6,786432,27918336
22402795,1746269771000,4,524288,28311552
22402796,1746269783000,4,524288,28442624
22402797,1746269795000,5,655360,28573696
22402798,1746269807000,5,655360,28835840
22402799,1746269819000,6,786432,29097984
22402800,1746269831000,2,262144,29491200
22402801,1746269843000,0,0,29360128
22402802,1746269855000,4,524288,28966912
22402803,1746269867000,0,0,29097984
22402804,1746269879000,5,655360,28704768
22402805,1746269891000,1,131072,28966912
22402806,1746269903000,6,786432,28704768
22402807,1746269915000,3,393216,29097984
22402808,1746269927000,4,524288,29097984
22402809,1746269939000,5,655360,29229056
22402810,1746269951000,1,131072,29491200
22402811,1746269963000,0,0,29229056
22402812,1746269975000,4,524288,28835840
22402813,1746269987000,6,786432,28966912
22402814,1746269999000,5,655360,29360128
22402815,1746270011000,1,131072,29622272
22402816,1746270023000,6,786432,29360128
22402817,1746270035000,0,0,29753344
22402818,1746270047000,0,0,29360128
22402819,1746270059000,2,262144,28966912
22402820,1746270071000,0,0,28835840
22402821,1746270083000,6,786432,28442624
22402822,1746270095000,0,0,28835840
22402823,1746270107000,6,786432,28442624
22402824,1746270119000,6,786432,28835840
22402825,1746270131000,6,786432,29229056
22402826,1746270143000,6,786432,29622272
22402827,1746270155000,0,0,30015488
22402828,1746270167000,1,131072,29622272
22402829,1746270179000,0,0,29360128
22402830,1746270191000,5,655360,28966912
22402831,1746270203000,2,262144,29229056
22402832,1746270215000,0,0,29097984
22402833,1746270227000,4,524288,28704768
22402834,1746270239000,4,524288,28835840
22402835,1746270251000,6,786432,28966912
22402836,1746270263000,1,131072,29360128
22402837,1746270275000,6,786432,29097984
22402838,1746270287000,0,0,29491200
22402839,1746270299000,5,655360,29097984
22402840,1746270311000,6,786432,29360128
22402841,1746270323000,6,786432,29753344
22402842,1746270335000,1,131072,30146560
22402843,1746270347000,4,524288,29884416
22402844,1746270359000,0,0,30015488
22402845,1746270371000,6,786432,29622272
22402846,1746270383000,4,524288,30015488
22402847,1746270395000,0,0,30146560
22402848,1746270407000,4,524288,29753344
22402849,1746270419000,4,524288,29884416
22402850,1746270431000,5,655360,30015488
22402851,1746270443000,3,393216,30277632
22402852,1746270455000,6,786432,30277632
22402853,1746270467000,0,0,30670848
22402854,1746270479000,6,786432,30277632
22402855,1746270491000,4,524288,30670848
22402856,1746270503000,0,0,30801920
22402857,1746270515000,1,131072,30408704
22402858,1746270527000,4,524288,30146560
22402859,1746270539000,5,655360,30277632
22402860,1746270551000,1,131072,30539776
22402861,1746270563000,4,524288,30277632
22402862,1746270575000,2,262144,30408704
22402863,1746270587000,2,262144,30277632
22402864,1746270599000,6,786432,30146560
22402865,1746270611000,0,0,30539776
22402866,1746270623000,0,0,30146560
22402867,1746270635000,4,524288,29753344
22402868,1746270647000,1,131072,29884416
22402869,1746270659000,6,786432,29622272
22402870,1746270671000,4,524288,30015488
22402871,1746270683000,1,131072,30146560
22402872,1746270707000,4,524288,29884416
22402873,1746270719000,6,786432,30015488
22402874,1746270731000,6,786432,30408704
22402875,1746270743000,0,0,30801920
22402876,1746270755000,3,393216,30408704
22402877,1746270767000,1,131072,30408704
22402878,1746270779000,0,0,30146560
22402879,1746270791000,6,786432,29753344
22402880,1746270803000,3,393216,30146560
22402881,1746270815000,0,0,30146560
22402882,1746270827000,2,262144,29753344
22402883,1746270839000,3,393216,29622272
22402884,1746270851000,4,524288,29622272
22402885,1746270863000,6,786432,29753344
22402886,1746270875000,6,786432,30146560
22402887,1746270887000,6,786432,30539776
22402888,1746270899000,1,131072,30932992
22402889,1746270911000,0,0,30670848
22402890,1746270923000,3,393216,30277632
22402891,1746270935000,3,393216,30277632
22402892,1746270947000,0,0,30277632
22402893,1746270959000,6,786432,29884416
22402894,1746270971000,1,131072,30277632
22402895,1746270983000,4,524288,30015488
22402896,1746270995000,3,393216,30146560
22402897,1746271007000,6,786432,30146560
22402898,1746271019000,4,524288,30539776
22402899,1746271031000,6,786432,30670848
22402900,1746271043000,0,0,31064064
22402901,1746271055000,0,0,30670848
22402902,1746271067000,6,786432,30277632
22402903,1746271079000,5,655360,30670848
22402904,1746271091000,0,0,30932992
22402905,1746271103000,1,131072,30539776
22402906,1746271115000,6,786432,30277632
22402907,1746271127000,4,524288,30670848
22402908,1746271139000,2,262144,30801920
22402909,1746271151000,1,131072,30670848
22402910,1746271163000,0,0,30408704
22402911,1746271175000,6,786432,30015488
22402912,1746271187000,3,393216,30408704
22402913,1746271199000,4,524288,30408704
22402914,1746271211000,6,786432,30539776
22402915,1746271223000,6,786432,30932992
22402916,1746271235000,5,655360,31326208
22402917,1746271247000,5,655360,31588352
22402918,1746271259000,3,393216,31850496
22402919,1746271271000,0,0,31850496
22402920,1746271283000,6,786432,31457280
22402921,1746271295000,5,655360,31850496
22402922,1746271307000,2,262144,32112640
22402923,1746271319000,6,786432,31981568
22402924,1746271331000,5,655360,32374784
22402925,1746271343000,0,0,32636928
22402926,1746271355000,6,786432,32243712
22402927,1746271367000,0,0,32636928
22402928,1746271379000,4,524288,32243712
22402929,1746271391000,0,0,32374784
22402930,1746271403000,4,524288,31981568
22402931,1746271415000,0,0,32112640
22402932,1746271427000,6,786432,31719424
22402933,1746271439000,5,655360,32112640
22402934,1746271451000,5,655360,32374784
22402935,1746271463000,3,393216,32636928
22402936,1746271475000,5,655360,32636928
22402937,1746271487000,0,0,32899072
22402938,1746271499000,0,0,32505856
22402939,1746271511000,1,131072,32112640
22402940,1746271523000,0,0,31850496
22402941,1746271535000,3,393216,31457280
22402942,1746271547000,3,393216,31457280
22402943,1746271559000,6,786432,31457280
22402944,1746271571000,6,786432,31850496
22402945,1746271583000,0,0,32243712
22402946,1746271595000,5,655360,31850496
22402947,1746271607000,4,524288,32112640
22402948,1746271619000,0,0,32243712
22402949,1746271631000,5,655360,31850496
22402950,1746271643000,2,262144,32112640
22402951,1746271655000,0,0,31981568
22402952,1746271667000,0,0,31588352
22402953,1746271679000,6,786432,31195136
22402954,1746271691000,0,0,31588352
22402955,1746271703000,4,524288,31195136
22402956,1746271715000,4,524288,31326208
22402957,1746271727000,5,655360,31457280
22402958,1746271739000,4,524288,31719424
22402959,1746271751000,0,0,31850496
22402960,1746271763000,3,393216,31457280
22402961,1746271775000,2,262144,31457280
22402962,1746271787000,6,786432,31326208
22402963,1746271799000,5,655360,31719424
22402964,1746271811000,2,262144,31981568
22402965,1746271823000,0,0,31850496
22402966,1746271835000,0,0,31457280
22402967,1746271847000,0,0,31064064
22402968,1746271859000,6,786432,30670848
22402969,1746271871000,0,0,31064064
22402970,1746271883000,3,393216,30670848
22402971,1746271895000,0,0,30670848
22402972,1746271907000,4,524288,30277632
22402973,1746271919000,6,786432,30408704
22402974,1746271931000,3,393216,30801920
22402975,1746271943000,1,131072,30801920
22402976,1746271955000,1,131072,30539776
22402977,1746271967000,0,0,30277632
22402978,1746271979000,6,786432,29884416
22402979,1746271991000,6,786432,30277632
22402980,1746272003000,1,131072,30670848
22402981,1746272015000,5,655360,30408704
22402982,1746272027000,0,0,30670848
22402983,1746272039000,4,524288,30277632
22402984,1746272051000,6,786432,30408704
22402985,1746272063000,0,0,30801920
22402986,1746272075000,3,393216,30408704
22402987,1746272087000,5,655360,30408704
22402988,1746272099000,6,786432,30670848
22402989,1746272111000,6,786432,31064064
22402990,1746272123000,6,786432,31457280
22402991,1746272135000,1,131072,31850496
22402992,1746272147000,0,0,31588352
22402993,1746272159000,0,0,31195136
22402994,1746272171000,0,0,30801920
22402995,1746272183000,6,786432,30408704
22402996,1746272195000,5,655360,30801920
22402997,1746272207000,0,0,31064064
22402998,1746272219000,4,524288,30670848
22402999,1746272231000,5,655360,30801920
22403000,1746272243000,4,524288,31064064
22403001,1746272255000,1,131072,31195136
22403002,1746272267000,0,0,30932992
22403003,1746272279000,6,786432,30539776
22403004,1746272291000,4,524288,30932992
22403005,1746272303000,5,655360,31064064
22403006,1746272315000,0,0,31326208
22403007,1746272327000,1,131072,30932992
22403008,1746272339000,0,0,30670848
22403009,1746272351000,5,655360,30277632
22403010,1746272363000,3,393216,30539776
22403011,1746272375000,5,655360,30539776
22403012,1746272387000,1,131072,30801920
22403013,1746272399000,0,0,30539776
22403014,1746272411000,0,0,30146560
22403015,1746272423000,6,786432,29753344
22403016,1746272435000,6,786432,30146560
22403017,1746272447000,6,786432,30539776
22403018,1746272459000,5,655360,30932992
22403019,1746272471000,0,0,31195136
22403020,1746272483000,6,786432,30801920
22403021,1746272495000,4,524288,31195136
22403022,1746272507000,5,655360,31326208
22403023,1746272519000,6,786432,31588352
22403024,1746272531000,4,524288,31981568
22403025,1746272543000,0,0,32112640
22403026,1746272555000,6,786432,31719424
22403027,1746272567000,6,786432,32112640
22403028,1746272579000,0,0,32505856
22403029,1746272591000,6,786432,32112640
22403030,1746272603000,6,786432,32505856
22403031,1746272615000,4,524288,32899072
22403032,1746272627000,5,655360,33030144
22403033,1746272639000,3,393216,33292288
22403034,1746272651000,1,131072,33292288
22403035,1746272663000,6,786432,33030144
22403036,1746272675000,3,393216,33423360
22403037,1746272687000,1,131072,33423360
22403038,1746272699000,5,655360,33161216
22403039,1746272711000,4,524288,33423360
22403040,1746272723000,6,786432,33554432
22403041,1746272735000,5,655360,33947648
22403042,1746272747000,4,524288,34209792
22403043,1746272759000,1,131072,34340864
22403044,1746272771000,6,786432,34078720
22403045,1746272783000,1,131072,34471936
22403046,1746272795000,0,0,34209792
22403047,1746272807000,0,0,33816576
22403048,1746272819000,6,786432,33423360
22403049,1746272831000,0,0,33816576
22403050,1746272843000,0,0,33423360
22403051,1746272855000,4,524288,33030144
22403052,1746272867000,4,524288,33161216
22403053,1746272879000,0,0,33292288
22403054,1746272891000,4,524288,32899072
22403055,1746272903000,6,786432,33030144
22403056,1746272915000,6,786432,33423360
22403057,1746272927000,6,786432,33816576
22403058,1746272939000,5,655360,34209792
22403059,1746272951000,0,0,34471936
22403060,1746272963000,4,524288,34078720
22403061,1746272975000,6,786432,34209792
22403062,1746272987000,6,786432,34603008
22403063,1746272999000,0,0,34996224
22403064,1746273011000,5,655360,34603008
22403065,1746273023000,6,786432,34865152
22403066,1746273035000,3,393216,35258368
22403067,1746273047000,2,262144,35258368
22403068,1746273059000,0,0,35127296
22403069,1746273071000,3,393216,34734080
22403070,1746273083000,0,0,34734080
22403071,1746273095000,6,786432,34340864
22403072,1746273107000,4,524288,34734080
22403073,1746273119000,1,131072,34865152
22403074,1746273131000,0,0,34603008
22403075,1746273143000,6,786432,34209792
22403076,1746273155000,6,786432,34603008
22403077,1746273167000,3,393216,34996224
22403078,1746273179000,4,524288,34996224
22403079,1746273191000,1,131072,35127296
22403080,1746273203000,5,655360,34865152
22403081,1746273215000,3,393216,35127296
22403082,1746273227000,0,0,35127296
22403083,1746273239000,4,524288,34734080
22403084,1746273251000,0,0,34865152
22403085,1746273263000,5,655360,34471936
22403086,1746273275000,1,131072,34734080
22403087,1746273287000,5,655360,34471936
22403088,1746273299000,2,262144,34734080
22403089,1746273311000,6,786432,34603008
22403090,1746273323000,0,0,34996224
22403091,1746273335000,1,131072,34603008
22403092,1746273347000,5,655360,34340864
22403093,1746273359000,0,0,34603008
22403094,1746273371000,5,655360,34209792
22403095,1746273383000,4,524288,34471936
22403096,1746273395000,0,0,34603008
22403097,1746273407000,4,524288,34209792
22403098,1746273419000,6,786432,34340864
22403099,1746273431000,5,655360,34734080
22403100,1746273443000,6,786432,34996224
22403101,1746273455000,5,655360,35389440
22403102,1746273467000,0,0,35651584
22403103,1746273479000,3,393216,35258368
22403104,1746273491000,5,655360,35258368
22403105,1746273503000,2,262144,35520512
22403106,1746273515000,0,0,35389440
22403107,1746273527000,0,0,34996224
22403108,1746273539000,6,786432,34603008
22403109,1746273551000,6,786432,34996224
22403110,1746273563000,5,655360,35389440
22403111,1746273575000,6,786432,35651584
22403112,1746273587000,4,524288,36044800
22403113,1746273599000,0,0,36175872
22403114,1746273611000,0,0,35782656
22403115,1746273623000,6,786432,35389440
22403116,1746273635000,0,0,35782656
22403117,1746273647000,6,786432,35389440
22403118,1746273659000,4,524288,35782656
22403119,1746273671000,4,524288,35913728
22403120,1746273683000,1,131072,36044800
22403121,1746273695000,4,524288,35782656
22403122,1746273707000,3,393216,35913728
22403123,1746273719000,0,0,35913728
22403124,1746273731000,6,786432,35520512
22403125,1746273743000,5,655360,35913728
22403126,1746273755000,6,786432,36175872
22403127,1746273767000,6,786432,36569088
22403128,1746273779000,0,0,36962304
22403129,1746273791000,3,393216,36569088
22403130,1746273803000,1,131072,36569088
22403131,1746273815000,5,655360,36306944
22403132,1746273827000,4,524288,36569088
22403133,1746273839000,6,786432,36700160
22403134,1746273851000,1,131072,37093376
22403135,1746273863000,5,655360,36831232
22403136,1746273875000,4,524288,37093376
22403137,1746273887000,1,131072,37224448
22403138,1746273899000,0,0,36962304
22403139,1746273911000,0,0,36569088
22403140,1746273923000,6,786432,36175872
22403141,1746273935000,1,131072,36569088
22403142,1746273947000,4,524288,36306944
22403143,1746273959000,0,0,36438016
22403144,1746273971000,6,786432,36044800
22403145,1746273983000,6,786432,36438016
22403146,1746273995000,3,393216,36831232
22403147,1746274007000,4,524288,36831232
22403148,1746274019000,1,131072,36962304
22403149,1746274031000,6,786432,36700160
22403150,1746274043000,1,131072,37093376
22403151,1746274055000,0,0,36831232
22403152,1746274067000,6,786432,36438016
22403153,1746274079000,4,524288,36831232
22403154,1746274091000,1,131072,36962304
22403155,1746274103000,0,0,36700160
22403156,1746274115000,0,0,36306944
22403157,1746274127000,4,524288,35913728
22403158,1746274139000,0,0,36044800
22403159,1746274151000,5,655360,35651584
22403160,1746274163000,4,524288,35913728
22403161,1746274175000,6,786432,36044800
22403162,1746274187000,3,393216,36438016
22403163,1746274199000,0,0,36438016
22403164,1746274211000,6,786432,36044800
22403165,1746274223000,1,131072,36438016
22403166,1746274235000,6,786432,36175872
22403167,1746274247000,6,786432,36569088
22403168,1746274259000,5,655360,36962304
22403169,1746274271000,5,655360,37224448
22403170,1746274283000,4,524288,37486592
22403171,1746274295000,0,0,37617664
22403172,1746274307000,6,786432,37224448
22403173,1746274319000,6,786432,37617664
22403174,1746274331000,0,0,38010880
22403175,1746274343000,1,131072,37617664
22403176,1746274355000,1,131072,37355520
22403177,1746274367000,4,524288,37093376
22403178,1746274379000,6,786432,37224448
22403179,1746274391000,4,524288,37617664
22403180,1746274403000,3,393216,37748736
22403181,1746274415000,1,131072,37748736
22403182,1746274427000,6,786432,37486592
22403183,1746274439000,0,0,37879808
22403184,1746274451000,0,0,37486592
22403185,1746274463000,4,524288,37093376
22403186,1746274475000,5,655360,37224448
22403187,1746274487000,6,786432,37486592
22403188,1746274499000,5,655360,37879808
22403189,1746274511000,0,0,38141952
22403190,1746274523000,1,131072,37748736
22403191,1746274535000,6,786432,37486592
22403192,1746274547000,3,393216,37879808
22403193,1746274559000,1,131072,37879808
22403194,1746274571000,3,393216,37617664
22403195,1746274583000,0,0,37617664
22403196,1746274595000,0,0,37224448
22403197,1746274607000,0,0,36831232
22403198,1746274619000,0,0,36438016
22403199,1746274631000,5,655360,36044800
22403200,1746274643000,6,786432,36306944
22403201,1746274655000,6,786432,36700160
22403202,1746274667000,0,0,37093376
22403203,1746274679000,5,655360,36700160
22403204,1746274691000,0,0,36962304
22403205,1746274703000,6,786432,36569088
22403206,1746274715000,3,393216,36962304
22403207,1746274727000,0,0,36962304
22403208,1746274739000,5,655360,36569088
22403209,1746274751000,6,786432,36831232
22403210,1746274763000,5,655360,37224448
22403211,1746274775000,3,393216,37486592
22403212,1746274787000,6,786432,37486592
22403213,1746274799000,0,0,37879808
22403214,1746274811000,0,0,37486592
22403215,1746274823000,4,524288,37093376
22403216,1746274835000,5,655360,37224448
22403217,1746274847000,0,0,37486592
22403218,1746274859000,6,786432,37093376
22403219,1746274871000,6,786432,37486592
22403220,1746274883000,3,393216,37879808
22403221,1746274895000,5,655360,37879808
22403222,1746274907000,3,393216,38141952
22403223,1746274919000,6,786432,38141952
22403224,1746274931000,3,393216,38535168
22403225,1746274943000,4,524288,38535168
22403226,1746274955000,0,0,38666240
22403227,1746274967000,0,0,38273024
22403228,1746274979000,0,0,37879808
22403229,1746274991000,6,786432,37486592
22403230,1746275003000,6,786432,37879808
22403231,1746275015000,6,786432,38273024
22403232,1746275027000,0,0,38666240
22403233,1746275039000,6,786432,38273024
22403234,1746275051000,0,0,38666240
22403235,1746275063000,0,0,38273024
22403236,1746275075000,6,786432,37879808
22403237,1746275087000,6,786432,38273024
22403238,1746275099000,0,0,38666240
22403239,1746275111000,3,393216,38273024
22403240,1746275123000,4,524288,38273024
22403241,1746275135000,0,0,38404096
22403242,1746275147000,0,0,38010880
22403243,1746275159000,5,655360,37617664
22403244,1746275171000,2,262144,37879808
22403245,1746275183000,0,0,37748736
22403246,1746275195000,4,524288,37355520
22403247,1746275207000,5,655360,37486592
22403248,1746275219000,1,131072,37748736
22403249,1746275231000,1,131072,37486592
22403250,1746275243000,3,393216,37224448
22403251,1746275255000,2,262144,37224448
22403252,1746275267000,5,655360,37093376
22403253,1746275279000,4,524288,37355520
22403254,1746275291000,5,655360,37486592
22403255,1746275303000,0,0,37748736
22403256,1746275315000,4,524288,37355520
22403257,1746275327000,5,655360,37486592
22403258,1746275339000,5,655360,37748736
22403259,1746275351000,0,0,38010880
22403260,1746275363000,0,0,37617664
22403261,1746275375000,0,0,37224448
22403262,1746275387000,5,655360,36831232
22403263,1746275399000,5,655360,37093376
22403264,1746275411000,5,655360,37355520
22403265,1746275423000,0,0,37617664
22403266,1746275435000,4,524288,37224448
22403267,1746275447000,3,393216,37355520
22403268,1746275459000,6,786432,37355520
22403269,1746275471000,5,655360,37748736
22403270,1746275483000,0,0,38010880
22403271,1746275495000,1,131072,37617664
22403272,1746275507000,3,393216,37355520
22403273,1746275519000,5,655360,37355520
22403274,1746275531000,0,0,37617664
22403275,1746275543000,0,0,37224448
22403276,1746275555000,1,131072,36831232
22403277,1746275567000,3,393216,36569088
22403278,1746275579000,5,655360,36569088
22403279,1746275591000,1,131072,36831232
22403280,1746275603000,0,0,36569088
22403281,1746275615000,0,0,36175872
22403282,1746275627000,4,524288,35782656
22403283,1746275639000,3,393216,35913728
22403284,1746275651000,0,0,35913728
22403285,1746275663000,6,786432,35520512
22403286,1746275675000,0,0,35913728
22403287,1746275687000,2,262144,35520512
22403288,1746275699000,6,786432,35389440
22403289,1746275711000,4,524288,35782656
22403290,1746275723000,1,131072,35913728
22403291,1746275735000,3,393216,35651584
22403292,1746275747000,0,0,35651584
22403293,1746275759000,6,786432,35258368
22403294,1746275771000,4,524288,35651584
22403295,1746275783000,1,131072,35782656
22403296,1746275795000,1,131072,35520512
22403297,1746275807000,0,0,35258368
22403298,1746275819000,4,524288,34865152
22403299,1746275831000,0,0,34996224
22403300,1746275843000,6,786432,34603008
22403301,1746275855000,6,786432,34996224
22403302,1746275867000,6,786432,35389440
22403303,1746275879000,5,655360,35782656
22403304,1746275891000,0,0,36044800
22403305,1746275903000,4,524288,35651584
22403306,1746275915000,5,655360,35782656
22403307,1746275927000,6,786432,36044800
22403308,1746275939000,0,0,36438016
22403309,1746275951000,6,786432,36044800
22403310,1746275963000,4,524288,36438016
22403311,1746275975000,0,0,36569088
22403312,1746275987000,1,131072,36175872
22403313,1746275999000,1,131072,35913728
22403314,1746276011000,3,393216,35651584
22403315,1746276023000,6,786432,35651584
22403316,1746276035000,0,0,36044800
22403317,1746276047000,0,0,35651584
22403318,1746276059000,5,655360,35258368
22403319,1746276071000,3,393216,35520512
22403320,1746276083000,6,786432,35520512
22403321,1746276095000,0,0,35913728
22403322,1746276107000,0,0,35520512
22403323,1746276119000,1,131072,35127296
22403324,1746276131000,5,655360,34865152
22403325,1746276143000,4,524288,35127296
22403326,1746276155000,6,786432,35258368
22403327,1746276167000,3,393216,35651584
22403328,1746276179000,0,0,35651584
22403329,1746276191000,5,655360,35258368
22403330,1746276203000,4,524288,35520512
22403331,1746276215000,6,786432,35651584
22403332,1746276227000,0,0,36044800
22403333,1746276239000,1,131072,35651584
22403334,1746276251000,6,786432,35389440
22403335,1746276263000,4,524288,35782656
22403336,1746276275000,0,0,35913728
22403337,1746276287000,0,0,35520512
22403338,1746276299000,2,262144,35127296
22403339,1746276311000,6,786432,34996224
22403340,1746276323000,6,786432,35389440
22403341,1746276335000,3,393216,35782656
22403342,1746276347000,0,0,35782656
22403343,1746276359000,5,655360,35389440
22403344,1746276371000,6,786432,35651584
22403345,1746276383000,4,524288,36044800
22403346,1746276395000,5,655360,36175872
22403347,1746276407000,1,131072,36438016
22403348,1746276419000,6,786432,36175872
22403349,1746276431000,5,655360,36569088
22403350,1746276443000,4,524288,36831232
22403351,1746276455000,0,0,36962304
22403352,1746276467000,3,393216,36569088
22403353,1746276479000,1,131072,36569088
22403354,1746276491000,0,0,36306944
22403355,1746276503000,5,655360,35913728
22403356,1746276515000,5,655360,36175872
22403357,1746276527000,0,0,36438016
22403358,1746276539000,0,0,36044800
22403359,1746276551000,1,131072,35651584
22403360,1746276563000,4,524288,35389440
22403361,1746276575000,5,655360,35520512
22403362,1746276587000,3,393216,35782656
22403363,1746276599000,1,131072,35782656
22403364,1746276611000,4,524288,35520512
22403365,1746276623000,6,786432,35651584
22403366,1746276635000,4,524288,36044800
22403367,1746276647000,2,262144,36175872
22403368,1746276659000,2,262144,36044800
22403369,1746276671000,6,786432,35913728
22403370,1746276683000,0,0,36306944
22403371,1746276695000,3,393216,35913728
22403372,1746276707000,1,131072,35913728
22403373,1746276719000,6,786432,35651584
22403374,1746276731000,6,786432,36044800
22403375,1746276743000,1,131072,36438016
22403376,1746276755000,3,393216,36175872
22403377,1746276767000,6,786432,36175872
22403378,1746276779000,0,0,36569088
22403379,1746276791000,3,393216,36175872
22403380,1746276803000,5,655360,36175872
22403381,1746276815000,3,393216,36438016
22403382,1746276827000,0,0,36438016
22403383,1746276839000,5,655360,36044800
22403384,1746276851000,1,131072,36306944
22403385,1746276863000,1,131072,36044800
22403386,1746276875000,3,393216,35782656
22403387,1746276887000,5,655360,35782656
22403388,1746276899000,3,393216,36044800
22403389,1746276911000,1,131072,36044800
22403390,1746276923000,0,0,35782656
22403391,1746276935000,6,786432,35389440
22403392,1746276947000,4,524288,35782656
22403393,1746276959000,3,393216,35913728
22403394,1746276971000,6,786432,35913728
22403395,1746276983000,0,0,36306944
22403396,1746276995000,6,786432,35913728
22403397,1746277007000,6,786432,36306944
22403398,1746277019000,5,655360,36700160
22403399,1746277031000,5,655360,36962304
22403400,1746277043000,6,786432,37224448
22403401,1746277055000,4,524288,37617664
22403402,1746277067000,3,393216,37748736
22403403,1746277079000,6,786432,37748736
22403404,1746277091000,0,0,38141952
22403405,1746277103000,1,131072,37748736
22403406,1746277115000,0,0,37486592
22403407,1746277127000,4,524288,37093376
22403408,1746277139000,6,786432,37224448
22403409,1746277151000,5,655360,37617664
22403410,1746277163000,4,524288,37879808
22403411,1746277175000,5,655360,38010880
22403412,1746277187000,3,393216,38273024
22403413,1746277199000,0,0,38273024
22403414,1746277211000,6,786432,37879808
22403415,1746277223000,0,0,38273024
22403416,1746277235000,5,655360,37879808
22403417,1746277247000,5,655360,38141952
22403418,1746277259000,0,0,38404096
22403419,1746277271000,4,524288,38010880
22403420,1746277283000,0,0,38141952
22403421,1746277295000,0,0,37748736
22403422,1746277307000,3,393216,37355520
22403423,1746277319000,6,786432,37355520
22403424,1746277331000,6,786432,37748736
22403425,1746277343000,1,131072,38141952
22403426,1746277355000,0,0,37879808
22403427,1746277367000,4,524288,37486592
22403428,1746277379000,6,786432,37617664
22403429,1746277391000,6,786432,38010880
22403430,1746277403000,1,131072,38404096
22403431,1746277415000,6,786432,38141952
22403432,1746277427000,6,786432,38535168
22403433,1746277439000,5,655360,38928384
22403434,1746277451000,1,131072,39190528
22403435,1746277463000,6,786432,38928384
22403436,1746277475000,5,655360,39321600
22403437,1746277487000,1,131072,39583744
22403438,1746277499000,5,655360,39321600
22403439,1746277511000,5,655360,39583744
22403440,1746277523000,1,131072,39845888
22403441,1746277535000,3,393216,39583744
22403442,1746277547000,1,131072,39583744
22403443,1746277559000,5,655360,39321600
22403444,1746277571000,4,524288,39583744
22403445,1746277583000,1,131072,39714816
22403446,1746277595000,3,393216,39452672
22403447,1746277607000,5,655360,39452672
22403448,1746277619000,2,262144,39714816
22403449,1746277631000,1,131072,39583744
22403450,1746277643000,6,786432,39321600
22403451,1746277655000,5,655360,39714816
22403452,1746277667000,3,393216,39976960
22403453,1746277679000,6,786432,39976960
22403454,1746277691000,3,393216,40370176
22403455,1746277703000,6,786432,40370176
22403456,1746277715000,4,524288,40763392
22403457,1746277727000,6,786432,40894464
22403458,1746277739000,4,524288,41287680
22403459,1746277751000,1,131072,41418752
22403460,1746277763000,6,786432,41156608
22403461,1746277775000,0,0,41549824
22403462,1746277787000,0,0,41156608
22403463,1746277799000,6,786432,40763392
22403464,1746277811000,6,786432,41156608
22403465,1746277823000,6,786432,41549824
22403466,1746277835000,4,524288,41943040
22403467,1746277847000,0,0,42074112
22403468,1746277859000,5,655360,41680896
22403469,1746277871000,5,655360,41943040
22403470,1746277883000,3,393216,42205184
22403471,1746277895000,6,786432,42205184
22403472,1746277907000,4,524288,42598400
22403473,1746277919000,1,131072,42729472
22403474,1746277931000,0,0,42467328
22403475,1746277943000,0,0,42074112
22403476,1746277955000,6,786432,41680896
22403477,1746277967000,4,524288,42074112
22403478,1746277979000,5,655360,42205184
22403479,1746277991000,5,655360,42467328
22403480,1746278003000,1,131072,42729472
22403481,1746278015000,5,655360,42467328
22403482,1746278027000,0,0,42729472
22403483,1746278039000,4,524288,42336256
22403484,1746278051000,0,0,42467328
22403485,1746278063000,4,524288,42074112
22403486,1746278075000,6,786432,42205184
22403487,1746278087000,3,393216,42598400
22403488,1746278099000,6,786432,42598400
22403489,1746278111000,5,655360,42991616
22403490,1746278123000,0,0,43253760
22403491,1746278147000,0,0,42860544
22403492,1746278159000,6,786432,42467328
22403493,1746278171000,6,786432,42860544
22403494,1746278183000,5,655360,43253760
22403495,1746278195000,0,0,43515904
22403496,1746278207000,6,786432,43122688
22403497,1746278219000,0,0,43515904
22403498,1746278231000,6,786432,43122688
22403499,1746278243000,5,655360,43515904
22403500,1746278255000,0,0,43778048
22403501,1746278267000,6,786432,43384832
22403502,1746278279000,3,393216,43778048
22403503,1746278291000,0,0,43778048
22403504,1746278303000,1,131072,43384832
22403505,1746278315000,5,655360,43122688
22403506,1746278327000,5,655360,43384832
22403507,1746278339000,2,262144,43646976
22403508,1746278351000,5,655360,43515904
22403509,1746278363000,6,786432,43778048
22403510,1746278375000,5,655360,44171264
22403511,1746278387000,3,393216,44433408
22403512,1746278399000,1,131072,44433408
22403513,1746278411000,6,786432,44171264
22403514,1746278423000,6,786432,44564480
22403515,1746278435000,0,0,44957696
22403516,1746278447000,0,0,44564480
22403517,1746278459000,4,524288,44171264
22403518,1746278471000,5,655360,44302336
22403519,1746278483000,6,786432,44564480
22403520,1746278495000,5,655360,44957696
22403521,1746278507000,0,0,45219840
22403522,1746278519000,6,786432,44826624
22403523,1746278531000,3,393216,45219840
22403524,1746278543000,2,262144,45219840
22403525,1746278555000,5,655360,45088768
22403526,1746278567000,4,524288,45350912
22403527,1746278579000,1,131072,45481984
22403528,1746278591000,0,0,45219840
22403529,1746278603000,5,655360,44826624
22403530,1746278615000,4,524288,45088768
22403531,1746278627000,5,655360,45219840
22403532,1746278639000,3,393216,45481984
22403533,1746278651000,1,131072,45481984
22403534,1746278663000,1,131072,45219840
22403535,1746278675000,0,0,44957696
22403536,1746278687000,5,655360,44564480
22403537,1746278699000,4,524288,44826624
22403538,1746278711000,5,655360,44957696
22403539,1746278723000,6,786432,45219840
22403540,1746278735000,6,786432,45613056
22403541,1746278747000,1,131072,46006272
22403542,1746278759000,4,524288,45744128
22403543,1746278771000,2,262144,45875200
22403544,1746278783000,4,524288,45744128
22403545,1746278795000,5,655360,45875200
22403546,1746278807000,1,131072,46137344
22403547,1746278819000,4,524288,45875200
22403548,1746278831000,1,131072,46006272
22403549,1746278843000,5,655360,45744128
22403550,1746278855000,1,131072,46006272
22403551,1746278867000,4,524288,45744128
22403552,1746278879000,0,0,45875200
22403553,1746278891000,0,0,45481984
22403554,1746278903000,6,786432,45088768
22403555,1746278915000,1,131072,45481984
22403556,1746278927000,1,131072,45219840
22403557,1746278939000,4,524288,44957696
22403558,1746278951000,0,0,45088768
22403559,1746278963000,5,655360,44695552
22403560,1746278975000,6,786432,44957696
22403561,1746278987000,1,131072,45350912
22403562,1746278999000,3,393216,45088768
22403563,1746279011000,6,786432,45088768
22403564,1746279023000,6,786432,45481984
22403565,1746279035000,0,0,45875200
22403566,1746279047000,1,131072,45481984
22403567,1746279059000,6,786432,45219840
22403568,1746279071000,6,786432,45613056
22403569,1746279083000,1,131072,46006272
22403570,1746279095000,4,524288,45744128
22403571,1746279107000,4,524288,45875200
22403572,1746279119000,5,655360,46006272
22403573,1746279131000,0,0,46268416
22403574,1746279143000,6,786432,45875200
22403575,1746279155000,4,524288,46268416
22403576,1746279167000,3,393216,46399488
22403577,1746279179000,6,786432,46399488
22403578,1746279191000,0,0,46792704
22403579,1746279203000,4,524288,46399488
22403580,1746279215000,0,0,46530560
22403581,1746279227000,4,524288,46137344
22403582,1746279239000,6,786432,46268416
22403583,1746279251000,0,0,46661632
22403584,1746279263000,0,0,46268416
22403585,1746279275000,5,655360,45875200
22403586,1746279287000,4,524288,46137344
22403587,1746279299000,5,655360,46268416
22403588,1746279311000,0,0,46530560
22403589,1746279323000,4,524288,46137344
22403590,1746279335000,0,0,46268416
22403591,1746279347000,6,786432,45875200
22403592,1746279359000,4,524288,46268416
22403593,1746279371000,1,131072,46399488
22403594,1746279383000,5,655360,46137344
22403595,1746279395000,3,393216,46399488
22403596,1746279407000,5,655360,46399488
22403597,1746279419000,2,262144,46661632
22403598,1746279431000,0,0,46530560
22403599,1746279443000,6,786432,46137344
22403600,1746279455000,0,0,46530560
22403601,1746279467000,4,524288,46137344
22403602,1746279479000,0,0,46268416
22403603,1746279491000,5,655360,45875200
22403604,1746279503000,1,131072,46137344
22403605,1746279515000,0,0,45875200
22403606,1746279527000,4,524288,45481984
22403607,1746279539000,6,786432,45613056
22403608,1746279551000,6,786432,46006272
22403609,1746279563000,3,393216,46399488
22403610,1746279575000,4,524288,46399488
22403611,1746279587000,0,0,46530560
22403612,1746279599000,6,786432,46137344
22403613,1746279611000,0,0,46530560
22403614,1746279623000,5,655360,46137344
22403615,1746279635000,6,786432,46399488
22403616,1746279647000,0,0,46792704
22403617,1746279659000,4,524288,46399488
22403618,1746279671000,0,0,46530560
22403619,1746279683000,4,524288,46137344
22403620,1746279695000,6,786432,46268416
22403621,1746279707000,5,655360,46661632
22403622,1746279719000,1,131072,46923776
22403623,1746279731000,4,524288,46661632
22403624,1746279743000,4,524288,46792704
22403625,1746279755000,5,655360,46923776
22403626,1746279767000,0,0,47185920
22403627,1746279779000,0,0,46792704
22403628,1746279791000,5,655360,46399488
22403629,1746279803000,3,393216,46661632
22403630,1746279815000,6,786432,46661632
22403631,1746279827000,5,655360,47054848
22403632,1746279839000,1,131072,47316992
22403633,1746279851000,6,786432,47054848
22403634,1746279863000,3,393216,47448064
22403635,1746279875000,6,786432,47448064
22403636,1746279887000,1,131072,47841280
22403637,1746279899000,5,655360,47579136
22403638,1746279911000,4,524288,47841280
22403639,1746279923000,4,524288,47972352
22403640,1746279935000,0,0,48103424
22403641,1746279947000,6,786432,47710208
22403642,1746279959000,6,786432,48103424
22403643,1746279971000,0,0,48496640
22403644,1746279983000,4,524288,48103424
22403645,1746279995000,0,0,48234496
22403646,1746280007000,5,655360,47841280
22403647,1746280019000,1,131072,48103424
22403648,1746280031000,1,131072,47841280
22403649,1746280043000,6,786432,47579136
22403650,1746280055000,4,524288,47972352
22403651,1746280067000,4,524288,48103424
22403652,1746280079000,5,655360,48234496
22403653,1746280091000,5,655360,48496640
22403654,1746280103000,3,393216,48758784
22403655,1746280115000,0,0,48758784
22403656,1746280127000,1,131072,48365568
22403657,1746280139000,0,0,48103424
22403658,1746280151000,6,786432,47710208
22403659,1746280163000,0,0,48103424
22403660,1746280175000,4,524288,47710208
22403661,1746280187000,1,131072,47841280
22403662,1746280199000,6,786432,47579136
22403663,1746280211000,3,393216,47972352
22403664,1746280223000,5,655360,47972352
22403665,1746280235000,1,131072,48234496
22403666,1746280247000,0,0,47972352
22403667,1746280259000,4,524288,47579136
22403668,1746280271000,6,786432,47710208
22403669,1746280283000,4,524288,48103424
22403670,1746280295000,5,655360,48234496
22403671,1746280307000,0,0,48496640
22403672,1746280319000,5,655360,48103424
22403673,1746280331000,5,655360,48365568
22403674,1746280343000,2,262144,48627712
22403675,1746280355000,6,786432,48496640
22403676,1746280367000,6,786432,48889856
22403677,1746280379000,1,131072,49283072
22403678,1746280391000,3,393216,49020928
22403679,1746280403000,0,0,49020928
22403680,1746280415000,1,131072,48627712
22403681,1746280427000,5,655360,48365568
22403682,1746280439000,6,786432,48627712
22403683,1746280451000,5,655360,49020928
22403684,1746280463000,0,0,49283072
22403685,1746280475000,0,0,48889856
22403686,1746280487000,6,786432,48496640
22403687,1746280499000,0,0,48889856
22403688,1746280511000,6,786432,48496640
22403689,1746280523000,5,655360,48889856
22403690,1746280535000,0,0,49152000
22403691,1746280547000,6,786432,48758784
22403692,1746280559000,3,393216,49152000
22403693,1746280571000,1,131072,49152000
22403694,1746280583000,5,655360,48889856
22403695,1746280595000,1,131072,49152000
22403696,1746280607000,6,786432,48889856
22403697,1746280619000,6,786432,49283072
22403698,1746280631000,5,655360,49676288
22403699,1746280643000,1,131072,49938432
22403700,1746280655000,1,131072,49676288
22403701,1746280667000,6,786432,49414144
22403702,1746280679000,3,393216,49807360
22403703,1746280691000,1,131072,49807360
22403704,1746280703000,1,131072,49545216
22403705,1746280715000,0,0,49283072
22403706,1746280727000,3,393216,48889856
22403707,1746280739000,6,786432,48889856
22403708,1746280751000,2,262144,49283072
22403709,1746280763000,1,131072,49152000
22403710,1746280775000,4,524288,48889856
22403711,1746280787000,6,786432,49020928
22403712,1746280799000,6,786432,49414144
22403713,1746280811000,0,0,49807360
22403714,1746280823000,4,524288,49414144
22403715,1746280835000,5,655360,49545216
22403716,1746280847000,3,393216,49807360
22403717,1746280859000,1,131072,49807360
22403718,1746280871000,0,0,49545216
22403719,1746280883000,1,131072,49152000
22403720,1746280895000,5,655360,48889856
22403721,1746280907000,4,524288,49152000
22403722,1746280919000,4,524288,49283072
22403723,1746280931000,3,393216,49414144
22403724,1746280943000,0,0,49414144
22403725,1746280955000,0,0,49020928
22403726,1746280967000,5,655360,48627712
22403727,1746280979000,6,786432,48889856
22403728,1746280991000,0,0,49283072
22403729,1746281003000,0,0,48889856
22403730,1746281015000,6,786432,48496640
22403731,1746281027000,6,786432,48889856
22403732,1746281039000,0,0,49283072
22403733,1746281051000,6,786432,48889856
22403734,1746281063000,3,393216,49283072
22403735,1746281075000,5,655360,49283072
22403736,1746281087000,4,524288,49545216
22403737,1746281099000,5,655360,49676288
22403738,1746281111000,5,655360,49938432
22403739,1746281123000,4,524288,50200576
22403740,1746281135000,5,655360,50331648
22403741,1746281147000,1,131072,50593792
22403742,1746281159000,6,786432,50331648
22403743,1746281171000,4,524288,50724864
22403744,1746281183000,1,131072,50855936
22403745,1746281195000,3,393216,50593792
22403746,1746281207000,1,131072,50593792
22403747,1746281219000,6,786432,50331648
22403748,1746281231000,4,524288,50724864
22403749,1746281243000,1,131072,50855936
22403750,1746281255000,6,786432,50593792
22403751,1746281267000,3,393216,50987008
22403752,1746281291000,4,524288,50987008
22403753,1746281303000,6,786432,51118080
22403754,1746281315000,0,0,51511296
22403755,1746281327000,1,131072,51118080
22403756,1746281339000,6,786432,50855936
22403757,1746281351000,6,786432,51249152
22403758,1746281363000,0,0,51642368
22403759,1746281375000,5,655360,51249152
22403760,1746281387000,0,0,51511296
22403761,1746281399000,5,655360,51118080
22403762,1746281411000,5,655360,51380224
22403763,1746281423000,6,786432,51642368
22403764,1746281435000,5,655360,52035584
22403765,1746281447000,6,786432,52297728
22403766,1746281459000,0,0,52690944
22403767,1746281471000,4,524288,52297728
22403768,1746281483000,6,786432,52428800
22403769,1746281495000,1,131072,52822016
22403770,1746281507000,4,524288,52559872
22403771,1746281519000,0,0,52690944
22403772,1746281531000,1,131072,52297728
22403773,1746281543000,5,655360,52035584
22403774,1746281555000,5,655360,52297728
22403775,1746281567000,4,524288,52559872
22403776,1746281579000,3,393216,52690944
22403777,1746281591000,6,786432,52690944
22403778,1746281603000,1,131072,53084160
22403779,1746281615000,4,524288,52822016
22403780,1746281627000,3,393216,52953088
22403781,1746281639000,6,786432,52953088
22403782,1746281651000,2,262144,53346304
22403783,1746281663000,0,0,53215232
22403784,1746281675000,3,393216,52822016
22403785,1746281687000,5,655360,52822016
22403786,1746281699000,1,131072,53084160
22403787,1746281711000,1,131072,52822016
22403788,1746281723000,6,786432,52559872
22403789,1746281735000,4,524288,52953088
22403790,1746281747000,3,393216,53084160
22403791,1746281759000,6,786432,53084160
22403792,1746281771000,5,655360,53477376
22403793,1746281783000,0,0,53739520
22403794,1746281795000,4,524288,53346304
22403795,1746281807000,6,786432,53477376
22403796,1746281819000,0,0,53870592
22403797,1746281831000,0,0,53477376
22403798,1746281843000,3,393216,53084160
22403799,1746281855000,1,131072,53084160
22403800,1746281867000,0,0,52822016
22403801,1746281879000,6,786432,52428800
22403802,1746281891000,3,393216,52822016
22403803,1746281903000,6,786432,52822016
22403804,1746281915000,6,786432,53215232
22403805,1746281927000,4,524288,53608448
22403806,1746281939000,0,0,53739520
22403807,1746281951000,1,131072,53346304
22403808,1746281963000,5,655360,53084160
22403809,1746281975000,0,0,53346304
22403810,1746281987000,6,786432,52953088
22403811,1746281999000,0,0,53346304
22403812,1746282011000,0,0,52953088
22403813,1746282023000,4,524288,52559872
22403814,1746282035000,0,0,52690944
22403815,1746282047000,6,786432,52297728
22403816,1746282059000,5,655360,52690944
22403817,1746282071000,5,655360,52953088
22403818,1746282083000,6,786432,53215232
22403819,1746282095000,6,786432,53608448
22403820,1746282107000,1,131072,54001664
22403821,1746282119000,0,0,53739520
22403822,1746282131000,3,393216,53346304
22403823,1746282143000,6,786432,53346304
22403824,1746282155000,6,786432,53739520
22403825,1746282167000,0,0,54132736
22403826,1746282179000,6,786432,53739520
22403827,1746282191000,4,524288,54132736
22403828,1746282203000,6,786432,54263808
22403829,1746282215000,1,131072,54657024
22403830,1746282227000,4,524288,54394880
22403831,1746282239000,6,786432,54525952
22403832,1746282251000,3,393216,54919168
22403833,1746282263000,1,131072,54919168
22403834,1746282275000,0,0,54657024
22403835,1746282287000,0,0,54263808
22403836,1746282299000,5,655360,53870592
22403837,1746282311000,5,655360,54132736
22403838,1746282323000,0,0,54394880
22403839,1746282335000,0,0,54001664
22403840,1746282347000,0,0,53608448
22403841,1746282359000,2,262144,53215232
22403842,1746282371000,4,524288,53084160
22403843,1746282383000,6,786432,53215232
22403844,1746282395000,5,655360,53608448
22403845,1746282407000,6,786432,53870592
22403846,1746282419000,0,0,54263808
22403847,1746282431000,6,786432,53870592
22403848,1746282443000,1,131072,54263808
22403849,1746282455000,0,0,54001664
22403850,1746282467000,0,0,53608448
22403851,1746282479000,5,655360,53215232
22403852,1746282491000,0,0,53477376
22403853,1746282503000,5,655360,53084160
22403854,1746282515000,1,131072,53346304
22403855,1746282527000,5,655360,53084160
22403856,1746282539000,6,786432,53346304
22403857,1746282551000,4,524288,53739520
22403858,1746282563000,3,393216,53870592
22403859,1746282575000,5,655360,53870592
22403860,1746282587000,0,0,54132736
22403861,1746282599000,4,524288,53739520
22403862,1746282611000,1,131072,53870592
22403863,1746282623000,0,0,53608448
22403864,1746282635000,6,786432,53215232
22403865,1746282647000,0,0,53608448
22403866,1746282659000,6,786432,53215232
22403867,1746282671000,3,393216,53608448
22403868,1746282683000,6,786432,53608448
22403869,1746282695000,1,131072,54001664
22403870,1746282707000,6,786432,53739520
22403871,1746282719000,6,786432,54132736
22403872,1746282731000,6,786432,54525952
22403873,1746282743000,5,655360,54919168
22403874,1746282755000,1,131072,55181312
22403875,1746282767000,0,0,54919168
22403876,1746282779000,4,524288,54525952
22403877,1746282791000,6,786432,54657024
22403878,1746282803000,0,0,55050240
22403879,1746282815000,0,0,54657024
22403880,1746282827000,0,0,54263808
22403881,1746282839000,6,786432,53870592
22403882,1746282851000,4,524288,54263808
22403883,1746282863000,4,524288,54394880
22403884,1746282875000,0,0,54525952
22403885,1746282887000,6,786432,54132736
22403886,1746282899000,3,393216,54525952
22403887,1746282911000,0,0,54525952
22403888,1746282923000,2,262144,54132736
22403889,1746282935000,4,524288,54001664
22403890,1746282947000,0,0,54132736
22403891,1746282959000,5,655360,53739520
22403892,1746282971000,4,524288,54001664
22403893,1746282983000,5,655360,54132736
22403894,1746282995000,4,524288,54394880
22403895,1746283007000,4,524288,54525952
22403896,1746283019000,0,0,54657024
22403897,1746283031000,5,655360,54263808
22403898,1746283043000,4,524288,54525952
22403899,1746283055000,6,786432,54657024
22403900,1746283067000,0,0,55050240
22403901,1746283079000,6,786432,54657024
22403902,1746283091000,0,0,55050240
22403903,1746283103000,0,0,54657024
22403904,1746283115000,6,786432,54263808
22403905,1746283127000,6,786432,54657024
22403906,1746283139000,0,0,55050240
22403907,1746283151000,2,262144,54657024
22403908,1746283163000,3,393216,54525952
22403909,1746283175000,0,0,54525952
22403910,1746283187000,0,0,54132736
22403911,1746283199000,6,786432,53739520
22403912,1746283211000,4,524288,54132736
22403913,1746283223000,5,655360,54263808
22403914,1746283235000,5,655360,54525952
22403915,1746283247000,0,0,54788096
22403916,1746283259000,0,0,54394880
22403917,1746283271000,5,655360,54001664
22403918,1746283283000,6,786432,54263808
22403919,1746283295000,5,655360,54657024
22403920,1746283307000,6,786432,54919168
22403921,1746283319000,4,524288,55312384
22403922,1746283331000,6,786432,55443456
22403923,1746283343000,6,786432,55836672
22403924,1746283355000,0,0,56229888
22403925,1746283367000,0,0,55836672
22403926,1746283379000,0,0,55443456
22403927,1746283391000,5,655360,55050240
22403928,1746283403000,4,524288,55312384
22403929,1746283415000,0,0,55443456
22403930,1746283427000,6,786432,55050240
22403931,1746283439000,4,524288,55443456
22403932,1746283451000,0,0,55574528
22403933,1746283463000,6,786432,55181312
22403934,1746283475000,6,786432,55574528
22403935,1746283487000,6,786432,55967744
22403936,1746283499000,4,524288,56360960
22403937,1746283511000,0,0,56492032
22403938,1746283523000,0,0,56098816
22403939,1746283535000,6,786432,55705600
22403940,1746283547000,5,655360,56098816
22403941,1746283559000,3,393216,56360960
22403942,1746283571000,5,655360,56360960
22403943,1746283583000,6,786432,56623104
22403944,1746283595000,0,0,57016320
22403945,1746283607000,6,786432,56623104
22403946,1746283619000,4,524288,57016320
22403947,1746283631000,1,131072,57147392
22403948,1746283643000,0,0,56885248
22403949,1746283655000,6,786432,56492032
22403950,1746283667000,5,655360,56885248
22403951,1746283679000,0,0,57147392
22403952,1746283691000,0,0,56754176
22403953,1746283703000,5,655360,56360960
22403954,1746283715000,3,393216,56623104
22403955,1746283727000,4,524288,56623104
22403956,1746283739000,5,655360,56754176
22403957,1746283751000,2,262144,57016320
22403958,1746283763000,4,524288,56885248
22403959,1746283775000,6,786432,57016320
22403960,1746283787000,0,0,57409536
22403961,1746283799000,2,262144,57016320
22403962,1746283811000,5,655360,56885248
22403963,1746283823000,4,524288,57147392
22403964,1746283835000,1,131072,57278464
22403965,1746283847000,5,655360,57016320
22403966,1746283859000,4,524288,57278464
22403967,1746283871000,0,0,57409536
22403968,1746283883000,6,786432,57016320
22403969,1746283895000,6,786432,57409536
22403970,1746283907000,1,131072,57802752
22403971,1746283919000,0,0,57540608
22403972,1746283931000,3,393216,57147392
22403973,1746283943000,5,655360,57147392
22403974,1746283955000,6,786432,57409536
22403975,1746283967000,3,393216,57802752
22403976,1746283979000,5,655360,57802752
22403977,1746283991000,3,393216,58064896
22403978,1746284003000,0,0,58064896
22403979,1746284015000,6,786432,57671680
22403980,1746284027000,0,0,58064896
22403981,1746284039000,6,786432,57671680
22403982,1746284051000,6,786432,58064896
22403983,1746284063000,6,786432,58458112
22403984,1746284075000,1,131072,58851328
22403985,1746284087000,0,0,58589184
22403986,1746284099000,0,0,58195968
22403987,1746284111000,4,524288,57802752
22403988,1746284123000,6,786432,57933824
22403989,1746284135000,6,786432,58327040
22403990,1746284147000,0,0,58720256
22403991,1746284159000,4,524288,58327040
22403992,1746284171000,6,786432,58458112
22403993,1746284183000,5,655360,58851328
22403994,1746284195000,5,655360,59113472
22403995,1746284207000,3,393216,59375616
22403996,1746284219000,3,393216,59375616
22403997,1746284231000,5,655360,59375616
22403998,1746284243000,0,0,59637760
22403999,1746284255000,1,131072,59244544
22404000,1746284267000,3,393216,58982400
22404001,1746284279000,6,786432,58982400
22404002,1746284291000,0,0,59375616
22404003,1746284303000,0,0,58982400
22404004,1746284315000,6,786432,58589184
22404005,1746284327000,4,524288,58982400
22404006,1746284339000,1,131072,59113472
22404007,1746284351000,5,655360,58851328
22404008,1746284363000,1,131072,59113472
22404009,1746284375000,4,524288,58851328
22404010,1746284387000,4,524288,58982400
22404011,1746284399000,6,786432,59113472
22404012,1746284411000,1,131072,59506688
22404013,1746284423000,0,0,59244544
22404014,1746284435000,6,786432,58851328
22404015,1746284447000,4,524288,59244544
22404016,1746284459000,1,131072,59375616
22404017,1746284471000,6,786432,59113472
22404018,1746284483000,5,655360,59506688
22404019,1746284495000,6,786432,59768832
22404020,1746284507000,0,0,60162048
22404021,1746284519000,6,786432,59768832
22404022,1746284531000,2,262144,60162048
22404023,1746284543000,5,655360,60030976
22404024,1746284555000,1,131072,60293120
22404025,1746284567000,3,393216,60030976
22404026,1746284579000,5,655360,60030976
22404027,1746284591000,4,524288,60293120
22404028,1746284603000,0,0,60424192
22404029,1746284615000,4,524288,60030976
22404030,1746284627000,6,786432,60162048
22404031,1746284639000,5,655360,60555264
22404032,1746284651000,5,655360,60817408
22404033,1746284663000,1,131072,61079552
22404034,1746284675000,0,0,60817408
22404035,1746284687000,0,0,60424192
22404036,1746284699000,6,786432,60030976
22404037,1746284711000,4,524288,60424192
22404038,1746284723000,5,655360,60555264
22404039,1746284735000,6,786432,60817408
22404040,1746284747000,1,131072,61210624
22404041,1746284759000,6,786432,60948480
22404042,1746284771000,4,524288,61341696
22404043,1746284783000,6,786432,61472768
22404044,1746284795000,1,131072,61865984
22404045,1746284807000,3,393216,61603840
22404046,1746284819000,5,655360,61603840
22404047,1746284831000,4,524288,61865984
22404048,1746284843000,1,131072,61997056
22404049,1746284855000,0,0,61734912
22404050,1746284867000,0,0,61341696
22404051,1746284879000,5,655360,60948480
22404052,1746284891000,4,524288,61210624
22404053,1746284903000,0,0,61341696
22404054,1746284915000,0,0,60948480
22404055,1746284927000,4,524288,60555264
22404056,1746284939000,5,655360,60686336
22404057,1746284951000,3,393216,60948480
22404058,1746284963000,6,786432,60948480
22404059,1746284975000,6,786432,61341696
22404060,1746284987000,6,786432,61734912
22404061,1746284999000,6,786432,62128128
22404062,1746285011000,6,786432,62521344
22404063,1746285023000,2,262144,62914560
22404064,1746285035000,6,786432,62783488
22404065,1746285047000,0,0,63176704
22404066,1746285059000,3,393216,62783488
22404067,1746285071000,2,262144,62783488
22404068,1746285083000,5,655360,62652416
22404069,1746285095000,0,0,62914560
22404070,1746285107000,6,786432,62521344
22404071,1746285119000,4,524288,62914560
22404072,1746285131000,4,524288,63045632
22404073,1746285143000,6,786432,63176704
22404074,1746285155000,3,393216,63569920
22404075,1746285167000,3,393216,63569920
22404076,1746285179000,0,0,63569920
22404077,1746285191000,5,655360,63176704
22404078,1746285203000,6,786432,63438848
22404079,1746285215000,3,393216,63832064
22404080,1746285227000,3,393216,63832064
22404081,1746285239000,6,786432,63832064
22404082,1746285251000,2,262144,64225280
22404083,1746285263000,1,131072,64094208
22404084,1746285275000,5,655360,63832064
22404085,1746285287000,3,393216,64094208
22404086,1746285299000,1,131072,64094208
22404087,1746285311000,4,524288,63832064
22404088,1746285323000,0,0,63963136
22404089,1746285335000,4,524288,63569920
22404090,1746285347000,6,786432,63700992
22404091,1746285359000,0,0,64094208
22404092,1746285371000,5,655360,63700992
22404093,1746285383000,1,131072,63963136
22404094,1746285395000,5,655360,63700992
22404095,1746285407000,5,655360,63963136
22404096,1746285419000,0,0,64225280
22404097,1746285431000,4,524288,63832064
22404098,1746285443000,1,131072,63963136
22404099,1746285455000,6,786432,63700992
22404100,1746285467000,4,524288,64094208
22404101,1746285479000,0,0,64225280
22404102,1746285491000,6,786432,63832064
22404103,1746285503000,1,131072,64225280
22404104,1746285515000,3,393216,63963136
22404105,1746285527000,0,0,63963136
22404106,1746285539000,5,655360,63569920
22404107,1746285551000,1,131072,63832064
22404108,1746285563000,5,655360,63569920
22404109,1746285575000,3,393216,63832064
22404110,1746285587000,5,655360,63832064
22404111,1746285599000,6,786432,64094208
22404112,1746285611000,0,0,64487424
22404113,1746285623000,3,393216,64094208
22404114,1746285635000,6,786432,64094208
22404115,1746285647000,1,131072,64487424
22404116,1746285659000,4,524288,64225280
22404117,1746285671000,0,0,64356352
22404118,1746285683000,0,0,63963136
22404119,1746285695000,4,524288,63569920
22404120,1746285707000,6,786432,63700992
22404121,1746285719000,4,524288,64094208
22404122,1746285731000,6,786432,64225280
22404123,1746285743000,4,524288,64618496
22404124,1746285755000,0,0,64749568
22404125,1746285767000,0,0,64356352
22404126,1746285779000,5,655360,63963136
22404127,1746285791000,4,524288,64225280
22404128,1746285803000,1,131072,64356352
22404129,1746285815000,0,0,64094208
22404130,1746285827000,5,655360,63700992
22404131,1746285839000,6,786432,63963136
22404132,1746285851000,6,786432,64356352
22404133,1746285863000,6,786432,64749568
22404134,1746285875000,0,0,65142784
22404135,1746285887000,4,524288,64749568
22404136,1746285899000,2,262144,64880640
22404137,1746285911000,0,0,64749568
22404138,1746285923000,3,393216,64356352
22404139,1746285935000,6,786432,64356352
22404140,1746285947000,0,0,64749568
22404141,1746285959000,5,655360,64356352
22404142,1746285971000,4,524288,64618496
22404143,1746285983000,1,131072,64749568
22404144,1746285995000,5,655360,64487424
22404145,1746286007000,0,0,64749568
22404146,1746286019000,0,0,64356352
22404147,1746286031000,0,0,63963136
22404148,1746286043000,0,0,63569920
22404149,1746286055000,6,786432,63176704
22404150,1746286067000,5,655360,63569920
22404151,1746286079000,4,524288,63832064
22404152,1746286091000,6,786432,63963136
22404153,1746286103000,0,0,64356352
22404154,1746286115000,0,0,63963136
22404155,1746286127000,6,786432,63569920
22404156,1746286139000,6,786432,63963136
22404157,1746286151000,6,786432,64356352
22404158,1746286163000,5,655360,64749568
22404159,1746286175000,6,786432,65011712
22404160,1746286187000,0,0,65404928
22404161,1746286199000,6,786432,65011712
22404162,1746286211000,5,655360,65404928
22404163,1746286223000,5,655360,65667072
22404164,1746286235000,0,0,65929216
22404165,1746286247000,3,393216,65536000
22404166,1746286259000,6,786432,65536000
22404167,1746286271000,6,786432,65929216
22404168,1746286283000,0,0,66322432
22404169,1746286295000,0,0,65929216
22404170,1746286307000,6,786432,65536000
22404171,1746286319000,5,655360,65929216
22404172,1746286331000,3,393216,66191360
22404173,1746286343000,1,131072,66191360
22404174,1746286355000,5,655360,65929216
22404175,1746286367000,3,393216,66191360
22404176,1746286379000,0,0,66191360
22404177,1746286391000,4,524288,65798144
22404178,1746286403000,6,786432,65929216
22404179,1746286415000,4,524288,66322432
22404180,1746286427000,0,0,66453504
22404181,1746286439000,0,0,66060288
22404182,1746286451000,6,786432,65667072
22404183,1746286463000,0,0,66060288
22404184,1746286475000,4,524288,65667072
22404185,1746286487000,0,0,65798144
22404186,1746286499000,4,524288,65404928
22404187,1746286511000,5,655360,65536000
22404188,1746286523000,4,524288,65798144
22404189,1746286535000,1,131072,65929216
22404190,1746286547000,0,0,65667072
22404191,1746286559000,3,393216,65273856
22404192,1746286571000,5,655360,65273856
22404193,1746286583000,4,524288,65536000
22404194,1746286595000,0,0,65667072
22404195,1746286607000,1,131072,65273856
22404196,1746286619000,5,655360,65011712
22404197,1746286631000,5,655360,65273856
22404198,1746286643000,1,131072,65536000
22404199,1746286655000,0,0,65273856
22404200,1746286667000,0,0,64880640
22404201,1746286679000,0,0,64487424
22404202,1746286691000,6,786432,64094208
22404203,1746286703000,6,786432,64487424
22404204,1746286715000,2,262144,64880640
22404205,1746286727000,5,655360,64749568
22404206,1746286739000,3,393216,65011712
22404207,1746286751000,3,393216,65011712
22404208,1746286763000,4,524288,65011712
22404209,1746286775000,5,655360,65142784
22404210,1746286787000,6,786432,65404928
22404211,1746286799000,5,655360,65798144
22404212,1746286811000,5,655360,66060288
22404213,1746286823000,3,393216,66322432
22404214,1746286835000,5,655360,66322432
22404215,1746286847000,4,524288,66584576
22404216,1746286859000,6,786432,66715648
22404217,1746286871000,0,0,67108864
22404218,1746286883000,5,655360,66715648
22404219,1746286895000,5,655360,66977792
22404220,1746286907000,0,0,67239936
22404221,1746286919000,4,524288,66846720
22404222,1746286931000,1,131072,66977792
22404223,1746286943000,6,786432,66715648
22404224,1746286955000,0,0,67108864
22404225,1746286967000,3,393216,66715648
22404226,1746286979000,1,131072,66715648
22404227,1746286991000,0,0,66453504
22404228,1746287003000,5,655360,66060288
22404229,1746287015000,4,524288,66322432
22404230,1746287027000,5,655360,66453504
22404231,1746287039000,1,131072,66715648
22404232,1746287051000,5,655360,66453504
22404233,1746287063000,1,131072,66715648
22404234,1746287075000,3,393216,66453504
22404235,1746287087000,0,0,66453504
22404236,1746287099000,1,131072,66060288
22404237,1746287111000,5,655360,65798144
22404238,1746287123000,0,0,66060288
22404239,1746287135000,4,524288,65667072
22404240,1746287147000,0,0,65798144
22404241,1746287159000,5,655360,65404928
22404242,1746287171000,6,786432,65667072
22404243,1746287183000,4,524288,66060288
22404244,1746287195000,0,0,66191360
22404245,1746287207000,5,655360,65798144
22404246,1746287219000,2,262144,66060288
22404247,1746287231000,1,131072,65929216
22404248,1746287243000,5,655360,65667072
22404249,1746287255000,3,393216,65929216
22404250,1746287267000,3,393216,65929216
22404251,1746287279000,4,524288,65929216
22404252,1746287291000,0,0,66060288
22404253,1746287303000,4,524288,65667072
22404254,1746287315000,5,655360,65798144
22404255,1746287327000,1,131072,66060288
22404256,1746287339000,3,393216,65798144
22404257,1746287351000,0,0,65798144
22404258,1746287363000,5,655360,65404928
22404259,1746287375000,5,655360,65667072
22404260,1746287387000,5,655360,65929216
22404261,1746287399000,0,0,66191360
22404262,1746287411000,0,0,65798144
22404263,1746287423000,6,786432,65404928
22404264,1746287435000,6,786432,65798144
22404265,1746287447000,6,786432,66191360
22404266,1746287459000,1,131072,66584576
22404267,1746287471000,6,786432,66322432
22404268,1746287483000,0,0,66715648
22404269,1746287495000,5,655360,66322432
22404270,1746287507000,0,0,66584576
22404271,1746287519000,4,524288,66191360
22404272,1746287531000,6,786432,66322432
22404273,1746287543000,5,655360,66715648
22404274,1746287555000,0,0,66977792
22404275,1746287567000,1,131072,66584576
22404276,1746287579000,5,655360,66322432
22404277,1746287591000,4,524288,66584576
22404278,1746287603000,0,0,66715648
22404279,1746287615000,2,262144,66322432
22404280,1746287627000,3,393216,66191360
22404281,1746287639000,0,0,66191360
22404282,1746287651000,6,786432,65798144
22404283,1746287663000,0,0,66191360
22404284,1746287675000,4,524288,65798144
22404285,1746287687000,6,786432,65929216
22404286,1746287699000,6,786432,66322432
22404287,1746287711000,0,0,66715648
22404288,1746287723000,1,131072,66322432
22404289,1746287735000,3,393216,66060288
22404290,1746287747000,5,655360,66060288
22404291,1746287759000,5,655360,66322432
22404292,1746287771000,1,131072,66584576
22404293,1746287783000,1,131072,66322432
22404294,1746287795000,5,655360,66060288
22404295,1746287807000,3,393216,66322432
22404296,1746287819000,4,524288,66322432
22404297,1746287831000,4,524288,66453504
22404298,1746287843000,5,655360,66584576
22404299,1746287855000,3,393216,66846720
22404300,1746287867000,0,0,66846720
22404301,1746287879000,1,131072,66453504
22404302,1746287891000,6,786432,66191360
22404303,1746287903000,3,393216,66584576
22404304,1746287915000,0,0,66584576
22404305,1746287927000,6,786432,66191360
22404306,1746287939000,1,131072,66584576
22404307,1746287951000,3,393216,66322432
22404308,1746287963000,2,262144,66322432
22404309,1746287975000,5,655360,66191360
22404310,1746287987000,0,0,66453504
22404311,1746287999000,6,786432,66060288
22404312,1746288011000,6,786432,66453504
22404313,1746288023000,0,0,66846720
22404314,1746288035000,0,0,66453504
22404315,1746288047000,0,0,66060288
22404316,1746288059000,6,786432,65667072
22404317,1746288071000,6,786432,66060288
22404318,1746288083000,0,0,66453504
22404319,1746288095000,5,655360,66060288
22404320,1746288107000,6,786432,66322432
22404321,1746288119000,0,0,66715648
22404322,1746288131000,6,786432,66322432
22404323,1746288143000,1,131072,66715648
22404324,1746288155000,1,131072,66453504
22404325,1746288167000,5,655360,66191360
22404326,1746288179000,1,131072,66453504
22404327,1746288191000,4,524288,66191360
22404328,1746288203000,0,0,66322432
22404329,1746288215000,6,786432,65929216
22404330,1746288227000,0,0,66322432
22404331,1746288239000,0,0,65929216
22404332,1746288251000,4,524288,65536000
22404333,1746288263000,5,655360,65667072
22404334,1746288275000,3,393216,65929216
22404335,1746288287000,0,0,65929216
22404336,1746288299000,4,524288,65536000
22404337,1746288311000,5,655360,65667072
22404338,1746288323000,0,0,65929216
22404339,1746288335000,1,131072,65536000
22404340,1746288347000,0,0,65273856
22404341,1746288359000,6,786432,64880640
22404342,1746288371000,6,786432,65273856
22404343,1746288383000,3,393216,65667072
22404344,1746288395000,3,393216,65667072
22404345,1746288407000,1,131072,65667072
22404346,1746288419000,3,393216,65404928
22404347,1746288431000,3,393216,65404928
22404348,1746288443000,6,786432,65404928
22404349,1746288455000,0,0,65798144
22404350,1746288467000,5,655360,65404928
22404351,1746288479000,0,0,65667072
22404352,1746288491000,6,786432,65273856
22404353,1746288503000,3,393216,65667072
22404354,1746288515000,5,655360,65667072
22404355,1746288527000,1,131072,65929216
22404356,1746288539000,3,393216,65667072
22404357,1746288551000,5,655360,65667072
22404358,1746288563000,1,131072,65929216
22404359,1746288575000,3,393216,65667072
22404360,1746288587000,3,393216,65667072
22404361,1746288599000,2,262144,65667072
22404362,1746288611000,6,786432,65536000
22404363,1746288623000,5,655360,65929216
22404364,1746288635000,1,131072,66191360
22404365,1746288647000,4,524288,65929216
22404366,1746288659000,0,0,66060288
22404367,1746288671000,6,786432,65667072
22404368,1746288683000,6,786432,66060288
22404369,1746288695000,0,0,66453504
22404370,1746288707000,4,524288,66060288
22404371,1746288719000,3,393216,66191360
22404372,1746288731000,5,655360,66191360
22404373,1746288743000,6,786432,66453504
22404374,1746288755000,0,0,66846720
22404375,1746288767000,3,393216,66453504
22404376,1746288779000,0,0,66453504
22404377,1746288791000,6,786432,66060288
22404378,1746288803000,0,0,66453504
22404379,1746288815000,5,655360,66060288
22404380,1746288827000,4,524288,66322432
22404381,1746288839000,5,655360,66453504
22404382,1746288851000,0,0,66715648
22404383,1746288863000,2,262144,66322432
22404384,1746288875000,0,0,66191360
22404385,1746288887000,6,786432,65798144
22404386,1746288899000,6,786432,66191360
22404387,1746288911000,3,393216,66584576
22404388,1746288923000,0,0,66584576
22404389,1746288935000,1,131072,66191360
22404390,1746288947000,3,393216,65929216
22404391,1746288959000,5,655360,65929216
22404392,1746288971000,1,131072,66191360
22404393,1746288983000,0,0,65929216
22404394,1746288995000,5,655360,65536000
22404395,1746289007000,0,0,65798144
22404396,1746289019000,4,524288,65404928
22404397,1746289031000,0,0,65536000
22404398,1746289043000,3,393216,65142784
22404399,1746289055000,0,0,65142784
22404400,1746289067000,4,524288,64749568
22404401,1746289079000,5,655360,64880640
22404402,1746289091000,1,131072,65142784
22404403,1746289103000,0,0,64880640
22404404,1746289115000,0,0,64487424
22404405,1746289127000,5,655360,64094208
22404406,1746289139000,5,655360,64356352
22404407,1746289151000,6,786432,64618496
22404408,1746289163000,6,786432,65011712
22404409,1746289175000,3,393216,65404928
22404410,1746289187000,4,524288,65404928
22404411,1746289199000,5,655360,65536000
22404412,1746289211000,1,131072,65798144
22404413,1746289223000,0,0,65536000
22404414,1746289235000,0,0,65142784
22404415,1746289247000,6,786432,64749568
22404416,1746289259000,4,524288,65142784
22404417,1746289271000,5,655360,65273856
22404418,1746289283000,0,0,65536000
22404419,1746289295000,5,655360,65142784
22404420,1746289307000,3,393216,65404928
22404421,1746289319000,5,655360,65404928
22404422,1746289331000,2,262144,65667072
22404423,1746289343000,3,393216,65536000
22404424,1746289355000,3,393216,65536000
22404425,1746289367000,5,655360,65536000
22404426,1746289379000,0,0,65798144
22404427,1746289391000,2,262144,65404928
22404428,1746289403000,0,0,65273856
22404429,1746289415000,3,393216,64880640
22404430,1746289427000,0,0,64880640
22404431,1746289439000,6,786432,64487424
22404432,1746289451000,3,393216,64880640
22404433,1746289463000,5,655360,64880640
22404434,1746289475000,4,524288,65142784
22404435,1746289487000,0,0,65273856
22404436,1746289499000,0,0,64880640
22404437,1746289511000,5,655360,64487424
22404438,1746289523000,5,655360,64749568
22404439,1746289535000,4,524288,65011712
22404440,1746289547000,6,786432,65142784
22404441,1746289559000,0,0,65536000
22404442,1746289571000,6,786432,65142784
22404443,1746289583000,5,655360,65536000
22404444,1746289595000,4,524288,65798144
22404445,1746289607000,4,524288,65929216
22404446,1746289619000,3,393216,66060288
22404447,1746289631000,5,655360,66060288
22404448,1746289643000,3,393216,66322432
22404449,1746289655000,2,262144,66322432
22404450,1746289667000,2,262144,66191360
22404451,1746289679000,5,655360,66060288
22404452,1746289691000,5,655360,66322432
22404453,1746289703000,4,524288,66584576
22404454,1746289715000,0,0,66715648
22404455,1746289727000,6,786432,66322432
22404456,1746289739000,1,131072,66715648
22404457,1746289751000,3,393216,66453504
22404458,1746289763000,3,393216,66453504
22404459,1746289775000,6,786432,66453504
22404460,1746289787000,0,0,66846720
22404461,1746289799000,0,0,66453504
22404462,1746289811000,3,393216,66060288
22404463,1746289823000,3,393216,66060288
22404464,1746289835000,6,786432,66060288
22404465,1746289847000,1,131072,66453504
22404466,1746289859000,0,0,66191360
22404467,1746289871000,0,0,65798144
22404468,1746289883000,4,524288,65404928
22404469,1746289895000,3,393216,65536000
22404470,1746289907000,6,786432,65536000
22404471,1746289919000,6,786432,65929216
22404472,1746289931000,0,0,66322432
22404473,1746289943000,3,393216,65929216
22404474,1746289955000,0,0,65929216
22404475,1746289967000,5,655360,65536000
22404476,1746289979000,0,0,65798144
22404477,1746289991000,0,0,65404928
22404478,1746290003000,4,524288,65011712
22404479,1746290015000,4,524288,65142784
22404480,1746290027000,5,655360,65273856
22404481,1746290039000,4,524288,65536000
22404482,1746290051000,5,655360,65667072
22404483,1746290063000,5,655360,65929216
22404484,1746290075000,0,0,66191360
22404485,1746290087000,0,0,65798144
22404486,1746290099000,0,0,65404928
22404487,1746290111000,4,524288,65011712
22404488,1746290123000,0,0,65142784
22404489,1746290135000,4,524288,64749568
22404490,1746290147000,5,655360,64880640
22404491,1746290159000,6,786432,65142784
22404492,1746290171000,0,0,65536000
22404493,1746290183000,3,393216,65142784
22404494,1746290195000,0,0,65142784
22404495,1746290207000,3,393216,64749568
22404496,1746290219000,5,655360,64749568
22404497,1746290231000,6,786432,65011712
22404498,1746290243000,0,0,65404928
22404499,1746290255000,6,786432,65011712
22404500,1746290267000,3,393216,65404928
22404501,1746290279000,6,786432,65404928
22404502,1746290291000,5,655360,65798144
22404503,1746290303000,5,655360,66060288
22404504,1746290315000,3,393216,66322432
22404505,1746290327000,0,0,66322432
22404506,1746290339000,5,655360,65929216
22404507,1746290351000,4,524288,66191360
22404508,1746290363000,1,131072,66322432
22404509,1746290375000,6,786432,66060288
22404510,1746290387000,0,0,66453504
22404511,1746290399000,0,0,66060288
22404512,1746290411000,5,655360,65667072
22404513,1746290423000,5,655360,65929216
22404514,1746290435000,3,393216,66191360
22404515,1746290447000,6,786432,66191360
22404516,1746290459000,5,655360,66584576
22404517,1746290471000,3,393216,66846720
22404518,1746290483000,1,131072,66846720
22404519,1746290495000,5,655360,66584576
22404520,1746290507000,0,0,66846720
22404521,1746290519000,3,393216,66453504
22404522,1746290531000,4,524288,66453504
22404523,1746290543000,6,786432,66584576
22404524,1746290555000,0,0,66977792
22404525,1746290567000,0,0,66584576
22404526,1746290579000,0,0,66191360
22404527,1746290591000,6,786432,65798144
22404528,1746290603000,5,655360,66191360
22404529,1746290615000,4,524288,66453504
22404530,1746290627000,4,524288,66584576
22404531,1746290639000,6,786432,66715648
22404532,1746290651000,5,655360,67108864
22404533,1746290663000,6,786432,67371008
22404534,1746290675000,5,655360,67764224
22404535,1746290687000,0,0,68026368
22404536,1746290699000,4,524288,67633152
22404537,1746290711000,5,655360,67764224
22404538,1746290723000,0,0,68026368
22404539,1746290735000,0,0,67633152
22404540,1746290747000,0,0,67239936
22404541,1746290759000,4,524288,66846720
22404542,1746290771000,5,655360,66977792
22404543,1746290783000,1,131072,67239936
22404544,1746290795000,6,786432,66977792
22404545,1746290807000,5,655360,67371008
22404546,1746290819000,6,786432,67633152
22404547,1746290831000,0,0,68026368
22404548,1746290843000,1,131072,67633152
22404549,1746290855000,5,655360,67371008
22404550,1746290867000,6,786432,67633152
22404551,1746290879000,0,0,68026368
22404552,1746290891000,1,131072,67633152
22404553,1746290903000,6,786432,67371008
22404554,1746290915000,3,393216,67764224
22404555,1746290927000,0,0,67764224
22404556,1746290939000,0,0,67371008
22404557,1746290951000,5,655360,66977792
22404558,1746290963000,5,655360,67239936
22404559,1746290975000,4,524288,67502080
22404560,1746290987000,4,524288,67633152
22404561,1746290999000,0,0,67764224
22404562,1746291011000,6,786432,67371008
22404563,1746291023000,2,262144,67764224
22404564,1746291035000,0,0,67633152
22404565,1746291047000,6,786432,67239936
22404566,1746291059000,1,131072,67633152
22404567,1746291071000,5,655360,67371008
22404568,1746291083000,4,524288,67633152
22404569,1746291095000,0,0,67764224
22404570,1746291107000,0,0,67371008
22404571,1746291119000,6,786432,66977792
22404572,1746291131000,3,393216,67371008
22404573,1746291143000,0,0,67371008
22404574,1746291155000,0,0,66977792
22404575,1746291167000,4,524288,66584576
22404576,1746291179000,5,655360,66715648
22404577,1746291191000,5,655360,66977792
22404578,1746291203000,0,0,67239936
22404579,1746291215000,4,524288,66846720
22404580,1746291227000,5,655360,66977792
22404581,1746291239000,0,0,67239936
22404582,1746291251000,0,0,66846720
22404583,1746291263000,6,786432,66453504
22404584,1746291275000,4,524288,66846720
22404585,1746291287000,4,524288,66977792
22404586,1746291299000,5,655360,67108864
22404587,1746291311000,3,393216,67371008
22404588,1746291323000,0,0,67371008
22404589,1746291335000,0,0,66977792
22404590,1746291347000,6,786432,66584576
22404591,1746291359000,6,786432,66977792
22404592,1746291371000,0,0,67371008
22404593,1746291383000,6,786432,66977792
22404594,1746291395000,3,393216,67371008
22404595,1746291407000,5,655360,67371008
22404596,1746291419000,3,393216,67633152
22404597,1746291431000,0,0,67633152
22404598,1746291443000,0,0,67239936
22404599,1746291455000,5,655360,66846720
22404600,1746291467000,3,393216,67108864
22404601,1746291479000,6,786432,67108864
22404602,1746291491000,0,0,67502080
22404603,1746291503000,3,393216,67108864
22404604,1746291515000,5,655360,67108864
22404605,1746291527000,0,0,67371008
22404606,1746291539000,3,393216,66977792
22404607,1746291551000,5,655360,66977792
22404608,1746291563000,0,0,67239936
22404609,1746291575000,5,655360,66846720
22404610,1746291587000,0,0,67108864
22404611,1746291599000,5,655360,66715648
22404612,1746291611000,6,786432,66977792
22404613,1746291623000,6,786432,67371008
22404614,1746291635000,4,524288,67764224
22404615,1746291647000,0,0,67895296
22404616,1746291659000,3,393216,67502080
22404617,1746291671000,0,0,67502080
22404618,1746291683000,6,786432,67108864
22404619,1746291695000,1,131072,67502080
22404620,1746291707000,0,0,67239936
22404621,1746291719000,3,393216,66846720
22404622,1746291731000,4,524288,66846720
22404623,1746291743000,6,786432,66977792
22404624,1746291755000,1,131072,67371008
22404625,1746291767000,1,131072,67108864
22404626,1746291779000,0,0,66846720
22404627,1746291791000,6,786432,66453504
22404628,1746291803000,6,786432,66846720
22404629,1746291815000,2,262144,67239936
22404630,1746291827000,1,131072,67108864
22404631,1746291839000,6,786432,66846720
22404632,1746291851000,4,524288,67239936
22404633,1746291863000,4,524288,67371008
22404634,1746291875000,5,655360,67502080
22404635,1746291887000,5,655360,67764224
22404636,1746291899000,4,524288,68026368
22404637,1746291911000,0,0,68157440
22404638,1746291923000,0,0,67764224
22404639,1746291935000,5,655360,67371008
22404640,1746291947000,3,393216,67633152
22404641,1746291959000,5,655360,67633152
22404642,1746291971000,0,0,67895296
22404643,1746291983000,6,786432,67502080
22404644,1746291995000,0,0,67895296
22404645,1746292007000,2,262144,67502080
22404646,1746292019000,5,655360,67371008
22404647,1746292031000,3,393216,67633152
22404648,1746292043000,4,524288,67633152
22404649,1746292055000,0,0,67764224
22404650,1746292067000,0,0,67371008
22404651,1746292079000,0,0,66977792
22404652,1746292091000,0,0,66584576
22404653,1746292103000,5,655360,66191360
22404654,1746292115000,0,0,66453504
22404655,1746292139000,0,0,66060288
22404656,1746292151000,1,131072,65667072
22404657,1746292163000,6,786432,65404928
22404658,1746292175000,6,786432,65798144
22404659,1746292187000,4,524288,66191360
22404660,1746292199000,4,524288,66322432
22404661,1746292211000,6,786432,66453504
22404662,1746292223000,0,0,66846720
22404663,1746292235000,5,655360,66453504
22404664,1746292247000,6,786432,66715648
22404665,1746292259000,1,131072,67108864
22404666,1746292271000,3,393216,66846720
22404667,1746292283000,6,786432,66846720
22404668,1746292295000,5,655360,67239936
22404669,1746292307000,0,0,67502080
22404670,1746292319000,6,786432,67108864
22404671,1746292331000,6,786432,67502080
22404672,1746292343000,5,655360,67895296
22404673,1746292355000,0,0,68157440
22404674,1746292367000,6,786432,67764224
22404675,1746292379000,6,786432,68157440
22404676,1746292391000,6,786432,68550656
22404677,1746292403000,5,655360,68943872
22404678,1746292415000,5,655360,69206016
22404679,1746292427000,6,786432,69468160
22404680,1746292439000,6,786432,69861376
22404681,1746292451000,0,0,70254592
22404682,1746292463000,6,786432,69861376
22404683,1746292475000,6,786432,70254592
22404684,1746292487000,5,655360,70647808
22404685,1746292499000,5,655360,70909952
22404686,1746292511000,4,524288,71172096
22404687,1746292523000,3,393216,71303168
22404688,1746292535000,0,0,71303168
22404689,1746292547000,0,0,70909952
22404690,1746292559000,6,786432,70516736
22404691,1746292571000,4,524288,70909952
22404692,1746292583000,5,655360,71041024
22404693,1746292595000,5,655360,71303168
22404694,1746292607000,6,786432,71565312
22404695,1746292619000,5,655360,71958528
22404696,1746292631000,0,0,72220672
22404697,1746292643000,3,393216,71827456
22404698,1746292655000,6,786432,71827456
22404699,1746292667000,0,0,72220672
22404700,1746292679000,0,0,71827456
22404701,1746292691000,0,0,71434240
22404702,1746292703000,6,786432,71041024
22404703,1746292715000,6,786432,71434240
22404704,1746292739000,6,786432,71827456
22404705,1746292751000,5,655360,72220672
22404706,1746292763000,5,655360,72482816
22404707,1746292775000,5,655360,72744960
22404708,1746292787000,5,655360,73007104
22404709,1746292799000,0,0,73269248
22404710,1746292811000,4,524288,72876032
22404711,1746292823000,0,0,73007104
22404712,1746292835000,4,524288,72613888
22404713,1746292847000,5,655360,72744960
22404714,1746292859000,5,655360,73007104
22404715,1746292871000,1,131072,73269248
22404716,1746292883000,0,0,73007104
22404717,1746292895000,3,393216,72613888
22404718,1746292907000,4,524288,72613888
22404719,1746292919000,0,0,72744960
22404720,1746292931000,5,655360,72351744
22404721,1746292943000,3,393216,72613888
22404722,1746292955000,1,131072,72613888
22404723,1746292967000,6,786432,72351744
22404724,1746292979000,0,0,72744960
22404725,1746292991000,4,524288,72351744
22404726,1746293003000,3,393216,72482816
22404727,1746293015000,5,655360,72482816
22404728,1746293027000,1,131072,72744960
22404729,1746293039000,3,393216,72482816
22404730,1746293051000,0,0,72482816
22404731,1746293063000,3,393216,72089600
22404732,1746293075000,5,655360,72089600
22404733,1746293087000,5,655360,72351744
22404734,1746293099000,0,0,72613888
22404735,1746293111000,3,393216,72220672
22404736,1746293123000,3,393216,72220672
22404737,1746293135000,6,786432,72220672
22404738,1746293147000,0,0,72613888
22404739,1746293159000,0,0,72220672
22404740,1746293171000,0,0,71827456
22404741,1746293183000,4,524288,71434240
22404742,1746293195000,5,655360,71565312
22404743,1746293207000,4,524288,71827456
22404744,1746293219000,1,131072,71958528
22404745,1746293231000,0,0,71696384
22404746,1746293243000,0,0,71303168
22404747,1746293255000,4,524288,70909952
22404748,1746293267000,5,655360,71041024
22404749,1746293279000,3,393216,71303168
22404750,1746293291000,5,655360,71303168
22404751,1746293303000,0,0,71565312
22404752,1746293315000,0,0,71172096
22404753,1746293327000,4,524288,70778880
22404754,1746293339000,5,655360,70909952
22404755,1746293351000,1,131072,71172096
22404756,1746293363000,6,786432,70909952
22404757,1746293375000,5,655360,71303168
22404758,1746293387000,0,0,71565312
22404759,1746293399000,6,786432,71172096
22404760,1746293411000,0,0,71565312
22404761,1746293423000,4,524288,71172096
22404762,1746293435000,0,0,71303168
22404763,1746293447000,2,262144,70909952
22404764,1746293459000,5,655360,70778880
22404765,1746293471000,1,131072,71041024
22404766,1746293483000,0,0,70778880
22404767,1746293495000,3,393216,70385664
22404768,1746293507000,3,393216,70385664
22404769,1746293519000,6,786432,70385664
22404770,1746293531000,0,0,70778880
22404771,1746293543000,4,524288,70385664
22404772,1746293555000,3,393216,70516736
22404773,1746293567000,6,786432,70516736
22404774,1746293579000,0,0,70909952
22404775,1746293591000,0,0,70516736
22404776,1746293603000,0,0,70123520
22404777,1746293615000,6,786432,69730304
22404778,1746293627000,3,393216,70123520
22404779,1746293639000,0,0,70123520
22404780,1746293651000,5,655360,69730304
22404781,1746293663000,5,655360,69992448
22404782,1746293675000,4,524288,70254592
22404783,1746293687000,4,524288,70385664
22404784,1746293699000,1,131072,70516736
22404785,1746293711000,0,0,70254592
22404786,1746293723000,6,786432,69861376
22404787,1746293735000,3,393216,70254592
22404788,1746293747000,3,393216,70254592
22404789,1746293759000,1,131072,70254592
22404790,1746293771000,5,655360,69992448
22404791,1746293783000,6,786432,70254592
22404792,1746293795000,0,0,70647808
22404793,1746293807000,3,393216,70254592
22404794,1746293819000,6,786432,70254592
22404795,1746293831000,3,393216,70647808
22404796,1746293843000,5,655360,70647808
22404797,1746293855000,6,786432,70909952
22404798,1746293867000,3,393216,71303168
22404799,1746293879000,0,0,71303168
22404800,1746293891000,5,655360,70909952
22404801,1746293903000,5,655360,71172096
22404802,1746293915000,1,131072,71434240
22404803,1746293927000,0,0,71172096
22404804,1746293939000,3,393216,70778880
22404805,1746293951000,5,655360,70778880
22404806,1746293963000,0,0,71041024
22404807,1746293975000,0,0,70647808
22404808,1746293987000,1,131072,70254592
22404809,1746293999000,1,131072,69992448
22404810,1746294011000,6,786432,69730304
22404811,1746294023000,3,393216,70123520
22404812,1746294035000,5,655360,70123520
22404813,1746294047000,0,0,70385664
22404814,1746294059000,1,131072,69992448
22404815,1746294071000,6,786432,69730304
22404816,1746294083000,3,393216,70123520
22404817,1746294095000,1,131072,70123520
22404818,1746294107000,3,393216,69861376
22404819,1746294119000,0,0,69861376
22404820,1746294131000,4,524288,69468160
22404821,1746294143000,4,524288,69599232
22404822,1746294155000,5,655360,69730304
22404823,1746294167000,0,0,69992448
22404824,1746294179000,0,0,69599232
22404825,1746294191000,3,393216,69206016
22404826,1746294203000,6,786432,69206016
22404827,1746294215000,0,0,69599232
22404828,1746294227000,0,0,69206016
22404829,1746294239000,1,131072,68812800
22404830,1746294251000,3,393216,68550656
22404831,1746294263000,6,786432,68550656
22404832,1746294275000,6,786432,68943872
22404833,1746294287000,0,0,69337088
22404834,1746294299000,2,262144,68943872
22404835,1746294311000,3,393216,68812800
22404836,1746294323000,5,655360,68812800
22404837,1746294335000,5,655360,69074944
22404838,1746294347000,0,0,69337088
22404839,1746294359000,5,655360,68943872
22404840,1746294371000,3,393216,69206016
22404841,1746294383000,1,131072,69206016
22404842,1746294395000,6,786432,68943872
22404843,1746294407000,5,655360,69337088
22404844,1746294419000,4,524288,69599232
22404845,1746294431000,6,786432,69730304
22404846,1746294443000,0,0,70123520
22404847,1746294455000,4,524288,69730304
22404848,1746294467000,0,0,69861376
22404849,1746294479000,5,655360,69468160
22404850,1746294491000,0,0,69730304
22404851,1746294503000,3,393216,69337088
22404852,1746294515000,5,655360,69337088
22404853,1746294527000,0,0,69599232
22404854,1746294539000,1,131072,69206016
22404855,1746294551000,1,131072,68943872
22404856,1746294563000,3,393216,68681728
22404857,1746294575000,3,393216,68681728
22404858,1746294587000,6,786432,68681728
22404859,1746294599000,0,0,69074944
22404860,1746294611000,5,655360,68681728
22404861,1746294623000,4,524288,68943872
22404862,1746294635000,0,0,69074944
22404863,1746294647000,2,262144,68681728
22404864,1746294659000,5,655360,68550656
22404865,1746294671000,0,0,68812800
22404866,1746294683000,0,0,68419584
22404867,1746294695000,4,524288,68026368
22404868,1746294707000,0,0,68157440
22404869,1746294719000,0,0,67764224
22404870,1746294731000,5,655360,67371008
22404871,1746294743000,1,131072,67633152
22404872,1746294755000,6,786432,67371008
22404873,1746294767000,0,0,67764224
22404874,1746294779000,0,0,67371008
22404875,1746294791000,5,655360,66977792
22404876,1746294803000,1,131072,67239936
22404877,1746294815000,3,393216,66977792
22404878,1746294827000,6,786432,66977792
22404879,1746294839000,5,655360,67371008
22404880,1746294851000,0,0,67633152
22404881,1746294863000,6,786432,67239936
22404882,1746294875000,3,393216,67633152
22404883,1746294887000,6,786432,67633152
22404884,1746294899000,5,655360,68026368
22404885,1746294911000,1,131072,68288512
22404886,1746294923000,0,0,68026368
22404887,1746294935000,6,786432,67633152
22404888,1746294947000,6,786432,68026368
22404889,1746294959000,5,655360,68419584
22404890,1746294971000,0,0,68681728
22404891,1746294983000,1,131072,68288512
22404892,1746294995000,0,0,68026368
22404893,1746295007000,6,786432,67633152
22404894,1746295019000,4,524288,68026368
22404895,1746295031000,0,0,68157440
22404896,1746295043000,0,0,67764224
22404897,1746295055000,0,0,67371008
22404898,1746295067000,6,786432,66977792
22404899,1746295079000,6,786432,67371008
22404900,1746295091000,3,393216,67764224
22404901,1746295103000,0,0,67764224
22404902,1746295115000,4,524288,67371008
22404903,1746295127000,6,786432,67502080
22404904,1746295139000,3,393216,67895296
22404905,1746295151000,0,0,67895296
22404906,1746295163000,1,131072,67502080
22404907,1746295175000,0,0,67239936
22404908,1746295187000,3,393216,66846720
22404909,1746295199000,0,0,66846720
22404910,1746295211000,5,655360,66453504
22404911,1746295223000,0,0,66715648
22404912,1746295235000,1,131072,66322432
22404913,1746295247000,5,655360,66060288
22404914,1746295259000,6,786432,66322432
22404915,1746295271000,0,0,66715648
22404916,1746295283000,4,524288,66322432
22404917,1746295295000,0,0,66453504
22404918,1746295307000,3,393216,66060288
22404919,1746295319000,6,786432,66060288
22404920,1746295331000,0,0,66453504
22404921,1746295343000,1,131072,66060288
22404922,1746295355000,0,0,65798144
22404923,1746295367000,0,0,65404928
22404924,1746295379000,0,0,65011712
22404925,1746295391000,4,524288,64618496
22404926,1746295403000,6,786432,64749568
22404927,1746295415000,1,131072,65142784
22404928,1746295427000,3,393216,64880640
22404929,1746295439000,6,786432,64880640
22404930,1746295451000,6,786432,65273856
22404931,1746295463000,3,393216,65667072
22404932,1746295475000,3,393216,65667072
22404933,1746295487000,3,393216,65667072
22404934,1746295499000,6,786432,65667072
22404935,1746295511000,0,0,66060288
22404936,1746295523000,0,0,65667072
22404937,1746295535000,0,0,65273856
22404938,1746295547000,4,524288,64880640
22404939,1746295559000,5,655360,65011712
22404940,1746295571000,0,0,65273856
22404941,1746295583000,6,786432,64880640
22404942,1746295595000,1,131072,65273856
22404943,1746295607000,3,393216,65011712
22404944,1746295619000,0,0,65011712
22404945,1746295631000,6,786432,64618496
22404946,1746295643000,1,131072,65011712
22404947,1746295667000,3,393216,64749568
22404948,1746295679000,6,786432,64749568
22404949,1746295691000,3,393216,65142784
22404950,1746295703000,0,0,65142784
22404951,1746295715000,1,131072,64749568
22404952,1746295727000,0,0,64487424
22404953,1746295739000,0,0,64094208
22404954,1746295751000,6,786432,63700992
22404955,1746295763000,4,524288,64094208
22404956,1746295775000,0,0,64225280
22404957,1746295787000,0,0,63832064
22404958,1746295811000,6,786432,63438848
22404959,1746295823000,5,655360,63832064
22404960,1746295835000,3,393216,64094208
22404961,1746295847000,3,393216,64094208
22404962,1746295859000,3,393216,64094208
22404963,1746295871000,5,655360,64094208
22404964,1746295883000,1,131072,64356352
22404965,1746295895000,0,0,64094208
22404966,1746295907000,6,786432,63700992
22404967,1746295919000,4,524288,64094208
22404968,1746295931000,0,0,64225280
22404969,1746295943000,0,0,63832064
22404970,1746295955000,0,0,63438848
22404971,1746295967000,6,786432,63045632
22404972,1746295979000,3,393216,63438848
22404973,1746295991000,4,524288,63438848
22404974,1746296003000,0,0,63569920
22404975,1746296015000,5,655360,63176704
22404976,1746296027000,6,786432,63438848
22404977,1746296039000,4,524288,63832064
22404978,1746296051000,0,0,63963136
22404979,1746296063000,1,131072,63569920
22404980,1746296075000,1,131072,63307776
22404981,1746296087000,5,655360,63045632
22404982,1746296099000,0,0,63307776
22404983,1746296111000,5,655360,62914560
22404984,1746296123000,0,0,63176704
22404985,1746296135000,6,786432,62783488
22404986,1746296147000,1,131072,63176704
22404987,1746296159000,0,0,62914560
22404988,1746296171000,3,393216,62521344
22404989,1746296183000,2,262144,62521344
22404990,1746296195000,5,655360,62390272
22404991,1746296207000,0,0,62652416
22404992,1746296219000,0,0,62259200
22404993,1746296231000,0,0,61865984
22404994,1746296243000,0,0,61472768
22404995,1746296255000,6,786432,61079552
22404996,1746296267000,4,524288,61472768
22404997,1746296279000,0,0,61603840
22404998,1746296291000,6,786432,61210624
22404999,1746296303000,4,524288,61603840
22405000,1746296315000,3,393216,61734912
22405001,1746296327000,6,786432,61734912
22405002,1746296339000,1,131072,62128128
22405003,1746296351000,0,0,61865984
22405004,1746296363000,0,0,61472768
22405005,1746296375000,6,786432,61079552
22405006,1746296387000,3,393216,61472768
22405007,1746296399000,6,786432,61472768
22405008,1746296411000,6,786432,61865984
22405009,1746296423000,5,655360,62259200
22405010,1746296435000,6,786432,62521344
22405011,1746296447000,3,393216,62914560
22405012,1746296459000,5,655360,62914560
22405013,1746296471000,3,393216,63176704
22405014,1746296483000,1,131072,63176704
22405015,1746296495000,1,131072,62914560
22405016,1746296507000,0,0,62652416
22405017,1746296519000,5,655360,62259200
22405018,1746296531000,4,524288,62521344
22405019,1746296543000,0,0,62652416
22405020,1746296555000,0,0,62259200
22405021,1746296567000,6,786432,61865984
22405022,1746296579000,4,524288,62259200
22405023,1746296591000,4,524288,62390272
22405024,1746296603000,3,393216,62521344
22405025,1746296615000,6,786432,62521344
22405026,1746296627000,0,0,62914560
22405027,1746296639000,3,393216,62521344
22405028,1746296651000,0,0,62521344
22405029,1746296663000,0,0,62128128
22405030,1746296675000,6,786432,61734912
22405031,1746296687000,0,0,62128128
22405032,1746296699000,4,524288,61734912
22405033,1746296711000,5,655360,61865984
22405034,1746296723000,0,0,62128128
22405035,1746296735000,1,131072,61734912
22405036,1746296747000,0,0,61472768
22405037,1746296759000,0,0,61079552
22405038,1746296771000,5,655360,60686336
22405039,1746296783000,5,655360,60948480
22405040,1746296795000,0,0,61210624
22405041,1746296807000,5,655360,60817408
22405042,1746296819000,5,655360,61079552
22405043,1746296831000,3,393216,61341696
22405044,1746296843000,1,131072,61341696
22405045,1746296855000,5,655360,61079552
22405046,1746296867000,6,786432,61341696
22405047,1746296879000,6,786432,61734912
22405048,1746296891000,3,393216,62128128
22405049,1746296903000,5,655360,62128128
22405050,1746296915000,5,655360,62390272
22405051,1746296927000,0,0,62652416
22405052,1746296939000,1,131072,62259200
22405053,1746296951000,6,786432,61997056
22405054,1746296963000,3,393216,62390272
22405055,1746296975000,3,393216,62390272
22405056,1746296987000,6,786432,62390272
22405057,1746296999000,5,655360,62783488
22405058,1746297011000,4,524288,63045632
22405059,1746297023000,1,131072,63176704
22405060,1746297035000,2,262144,62914560
22405061,1746297047000,6,786432,62783488
22405062,1746297059000,0,0,63176704
22405063,1746297071000,4,524288,62783488
22405064,1746297083000,1,131072,62914560
22405065,1746297095000,0,0,62652416
22405066,1746297107000,5,655360,62259200
22405067,1746297119000,5,655360,62521344
22405068,1746297131000,3,393216,62783488
22405069,1746297143000,0,0,62783488
22405070,1746297155000,5,655360,62390272
22405071,1746297167000,3,393216,62652416
22405072,1746297179000,0,0,62652416
22405073,1746297191000,3,393216,62259200
22405074,1746297203000,0,0,62259200
22405075,1746297215000,6,786432,61865984
22405076,1746297227000,3,393216,62259200
22405077,1746297239000,6,786432,62259200
22405078,1746297251000,3,393216,62652416
22405079,1746297263000,5,655360,62652416
22405080,1746297275000,1,131072,62914560
22405081,1746297287000,1,131072,62652416
22405082,1746297299000,0,0,62390272
22405083,1746297311000,5,655360,61997056
22405084,1746297323000,0,0,62259200
22405085,1746297335000,4,524288,61865984
22405086,1746297347000,2,262144,61997056
22405087,1746297359000,3,393216,61865984
22405088,1746297371000,6,786432,61865984
22405089,1746297383000,3,393216,62259200
22405090,1746297395000,0,0,62259200
22405091,1746297407000,6,786432,61865984
22405092,1746297419000,1,131072,62259200
22405093,1746297431000,1,131072,61997056
22405094,1746297443000,4,524288,61734912
22405095,1746297455000,5,655360,61865984
22405096,1746297467000,5,655360,62128128
22405097,1746297479000,0,0,62390272
22405098,1746297491000,0,0,61997056
22405099,1746297503000,6,786432,61603840
22405100,1746297515000,0,0,61997056
22405101,1746297527000,5,655360,61603840
22405102,1746297539000,0,0,61865984
22405103,1746297551000,0,0,61472768
22405104,1746297563000,0,0,61079552
22405105,1746297575000,4,524288,60686336
22405106,1746297587000,0,0,60817408
22405107,1746297599000,6,786432,60424192
22405108,1746297611000,6,786432,60817408
22405109,1746297623000,6,786432,61210624
22405110,1746297635000,5,655360,61603840
22405111,1746297647000,6,786432,61865984
22405112,1746297659000,0,0,62259200
22405113,1746297671000,5,655360,61865984
22405114,1746297683000,6,786432,62128128
22405115,1746297695000,6,786432,62521344
22405116,1746297707000,4,524288,62914560
22405117,1746297719000,6,786432,63045632
22405118,1746297731000,4,524288,63438848
22405119,1746297743000,0,0,63569920
22405120,1746297755000,5,655360,63176704
22405121,1746297767000,0,0,63438848
22405122,1746297779000,6,786432,63045632
22405123,1746297791000,6,786432,63438848
22405124,1746297803000,1,131072,63832064
22405125,1746297815000,6,786432,63569920
22405126,1746297827000,6,786432,63963136
22405127,1746297839000,5,655360,64356352
22405128,1746297851000,1,131072,64618496
22405129,1746297863000,0,0,64356352
22405130,1746297875000,5,655360,63963136
22405131,1746297887000,4,524288,64225280
22405132,1746297899000,3,393216,64356352
22405133,1746297911000,0,0,64356352
22405134,1746297923000,6,786432,63963136
22405135,1746297935000,0,0,64356352
22405136,1746297947000,0,0,63963136
22405137,1746297959000,5,655360,63569920
22405138,1746297971000,0,0,63832064
22405139,1746297983000,6,786432,63438848
22405140,1746297995000,0,0,63832064
22405141,1746298007000,0,0,63438848
22405142,1746298019000,4,524288,63045632
22405143,1746298031000,0,0,63176704
22405144,1746298043000,5,655360,62783488
22405145,1746298055000,4,524288,63045632
22405146,1746298067000,5,655360,63176704
22405147,1746298079000,0,0,63438848
22405148,1746298091000,5,655360,63045632
22405149,1746298103000,0,0,63307776
22405150,1746298115000,5,655360,62914560
22405151,1746298127000,6,786432,63176704
22405152,1746298139000,0,0,63569920
22405153,1746298151000,0,0,63176704
22405154,1746298163000,4,524288,62783488
22405155,1746298175000,6,786432,62914560
22405156,1746298187000,6,786432,63307776
22405157,1746298199000,4,524288,63700992
22405158,1746298211000,4,524288,63832064
22405159,1746298223000,5,655360,63963136
22405160,1746298235000,0,0,64225280
22405161,1746298247000,6,786432,63832064
22405162,1746298259000,3,393216,64225280
22405163,1746298271000,4,524288,64225280
22405164,1746298283000,5,655360,64356352
22405165,1746298295000,1,131072,64618496
22405166,1746298307000,1,131072,64356352
22405167,1746298319000,0,0,64094208
22405168,1746298331000,5,655360,63700992
22405169,1746298343000,4,524288,63963136
22405170,1746298355000,0,0,64094208
22405171,1746298367000,0,0,63700992
22405172,1746298379000,6,786432,63307776
22405173,1746298391000,0,0,63700992
22405174,1746298403000,0,0,63307776
22405175,1746298415000,3,393216,62914560
22405176,1746298427000,3,393216,62914560
22405177,1746298439000,1,131072,62914560
22405178,1746298451000,6,786432,62652416
22405179,1746298463000,3,393216,63045632
22405180,1746298475000,6,786432,63045632
22405181,1746298487000,6,786432,63438848
22405182,1746298499000,1,131072,63832064
22405183,1746298511000,1,131072,63569920
22405184,1746298523000,0,0,63307776
22405185,1746298535000,3,393216,62914560
22405186,1746298547000,6,786432,62914560
22405187,1746298559000,0,0,63307776
22405188,1746298571000,0,0,62914560
22405189,1746298583000,1,131072,62521344
22405190,1746298595000,5,655360,62259200
22405191,1746298607000,3,393216,62521344
22405192,1746298619000,2,262144,62521344
22405193,1746298631000,0,0,62390272
22405194,1746298643000,5,655360,61997056
22405195,1746298655000,4,524288,62259200
22405196,1746298667000,4,524288,62390272
22405197,1746298679000,0,0,62521344
22405198,1746298691000,6,786432,62128128
22405199,1746298703000,5,655360,62521344
22405200,1746298715000,3,393216,62783488
22405201,1746298727000,2,262144,62783488
22405202,1746298739000,5,655360,62652416
22405203,1746298751000,6,786432,62914560
22405204,1746298763000,6,786432,63307776
22405205,1746298775000,6,786432,63700992
22405206,1746298787000,5,655360,64094208
22405207,1746298799000,0,0,64356352
22405208,1746298811000,3,393216,63963136
22405209,1746298823000,1,131072,63963136
22405210,1746298835000,5,655360,63700992
22405211,1746298847000,0,0,63963136
22405212,1746298859000,4,524288,63569920
22405213,1746298871000,3,393216,63700992
22405214,1746298883000,6,786432,63700992
22405215,1746298895000,0,0,64094208
22405216,1746298907000,0,0,63700992
22405217,1746298919000,1,131072,63307776
22405218,1746298931000,3,393216,63045632
22405219,1746298943000,5,655360,63045632
22405220,1746298955000,0,0,63307776
22405221,1746298967000,6,786432,62914560
22405222,1746298979000,2,262144,63307776
22405223,1746298991000,5,655360,63176704
22405224,1746299003000,3,393216,63438848
22405225,1746299015000,1,131072,63438848
22405226,1746299027000,3,393216,63176704
22405227,1746299039000,4,524288,63176704
22405228,1746299051000,5,655360,63307776
22405229,1746299063000,0,0,63569920
22405230,1746299075000,6,786432,63176704
22405231,1746299087000,6,786432,63569920
22405232,1746299099000,0,0,63963136
22405233,1746299111000,6,786432,63569920
22405234,1746299123000,3,393216,63963136
22405235,1746299135000,0,0,63963136
22405236,1746299147000,0,0,63569920
22405237,1746299159000,5,655360,63176704
22405238,1746299171000,0,0,63438848
22405239,1746299183000,1,131072,63045632
22405240,1746299195000,3,393216,62783488
22405241,1746299207000,1,131072,62783488
22405242,1746299219000,0,0,62521344
22405243,1746299231000,6,786432,62128128
22405244,1746299243000,0,0,62521344
22405245,1746299255000,6,786432,62128128
22405246,1746299267000,5,655360,62521344
22405247,1746299279000,6,786432,62783488
22405248,1746299291000,3,393216,63176704
22405249,1746299303000,0,0,63176704
22405250,1746299315000,1,131072,62783488
22405251,1746299327000,5,655360,62521344
22405252,1746299339000,3,393216,62783488
22405253,1746299351000,6,786432,62783488
22405254,1746299363000,0,0,63176704
22405255,1746299375000,6,786432,62783488
22405256,1746299387000,5,655360,63176704
22405257,1746299399000,0,0,63438848
22405258,1746299411000,1,131072,63045632
22405259,1746299423000,3,393216,62783488
22405260,1746299435000,6,786432,62783488
22405261,1746299447000,2,262144,63176704
22405262,1746299459000,4,524288,63045632
22405263,1746299471000,0,0,63176704
22405264,1746299483000,6,786432,62783488
22405265,1746299495000,5,655360,63176704
22405266,1746299507000,0,0,63438848
22405267,1746299519000,2,262144,63045632
22405268,1746299531000,4,524288,62914560
22405269,1746299543000,5,655360,63045632
22405270,1746299555000,0,0,63307776
22405271,1746299567000,1,131072,62914560
22405272,1746299579000,0,0,62652416
22405273,1746299591000,3,393216,62259200
22405274,1746299603000,5,655360,62259200
22405275,1746299615000,3,393216,62521344
22405276,1746299627000,1,131072,62521344
22405277,1746299639000,1,131072,62259200
22405278,1746299663000,5,655360,61997056
22405279,1746299675000,4,524288,62259200
22405280,1746299687000,0,0,62390272
22405281,1746299699000,1,131072,61997056
22405282,1746299711000,6,786432,61734912
22405283,1746299723000,0,0,62128128
22405284,1746299735000,3,393216,61734912
22405285,1746299759000,0,0,61734912
22405286,1746299771000,6,786432,61341696
22405287,1746299783000,3,393216,61734912
22405288,1746299795000,0,0,61734912
22405289,1746299807000,4,524288,61341696
22405290,1746299819000,5,655360,61472768
22405291,1746299831000,0,0,61734912
22405292,1746299843000,1,131072,61341696
22405293,1746299855000,0,0,61079552
22405294,1746299867000,0,0,60686336
22405295,1746299879000,5,655360,60293120
22405296,1746299891000,4,524288,60555264
22405297,1746299903000,0,0,60686336
22405298,1746299915000,4,524288,60293120
22405299,1746299927000,5,655360,60424192
22405300,1746299939000,6,786432,60686336
22405301,1746299951000,4,524288,61079552
22405302,1746299963000,4,524288,61210624
22405303,1746299975000,2,262144,61341696
22405304,1746299987000,5,655360,61210624
22405305,1746299999000,0,0,61472768
22405306,1746300011000,4,524288,61079552
22405307,1746300023000,0,0,61210624
22405308,1746300035000,6,786432,60817408
22405309,1746300047000,4,524288,61210624
22405310,1746300059000,5,655360,61341696
22405311,1746300071000,3,393216,61603840
22405312,1746300083000,4,524288,61603840
22405313,1746300095000,6,786432,61734912
22405314,1746300107000,0,0,62128128
22405315,1746300119000,6,786432,61734912
22405316,1746300131000,0,0,62128128
22405317,1746300143000,6,786432,61734912
22405318,1746300155000,5,655360,62128128
22405319,1746300167000,0,0,62390272
22405320,1746300179000,1,131072,61997056
22405321,1746300191000,0,0,61734912
22405322,1746300203000,1,131072,61341696
22405323,1746300215000,0,0,61079552
22405324,1746300227000,4,524288,60686336
22405325,1746300239000,6,786432,60817408
22405326,1746300251000,0,0,61210624
22405327,1746300263000,6,786432,60817408
22405328,1746300275000,6,786432,61210624
22405329,1746300287000,3,393216,61603840
22405330,1746300299000,2,262144,61603840
22405331,1746300311000,5,655360,61472768
22405332,1746300323000,6,786432,61734912
22405333,1746300335000,0,0,62128128
22405334,1746300347000,1,131072,61734912
22405335,1746300359000,6,786432,61472768
22405336,1746300371000,6,786432,61865984
22405337,1746300383000,6,786432,62259200
22405338,1746300395000,4,524288,62652416
22405339,1746300407000,6,786432,62783488
22405340,1746300419000,0,0,63176704
22405341,1746300431000,4,524288,62783488
22405342,1746300443000,0,0,62914560
22405343,1746300455000,6,786432,62521344
22405344,1746300467000,1,131072,62914560
22405345,1746300479000,1,131072,62652416
22405346,1746300491000,0,0,62390272
22405347,1746300503000,0,0,61997056
22405348,1746300515000,6,786432,61603840
22405349,1746300527000,4,524288,61997056
22405350,1746300539000,5,655360,62128128
22405351,1746300551000,5,655360,62390272
22405352,1746300563000,4,524288,62652416
22405353,1746300575000,3,393216,62783488
22405354,1746300587000,0,0,62783488
22405355,1746300599000,5,655360,62390272
22405356,1746300611000,5,655360,62652416
22405357,1746300623000,3,393216,62914560
22405358,1746300635000,0,0,62914560
22405359,1746300647000,6,786432,62521344
22405360,1746300659000,3,393216,62914560
22405361,1746300671000,0,0,62914560
22405362,1746300683000,3,393216,62521344
22405363,1746300695000,0,0,62521344
22405364,1746300707000,6,786432,62128128
22405365,1746300719000,6,786432,62521344
22405366,1746300731000,1,131072,62914560
22405367,1746300743000,0,0,62652416
22405368,1746300755000,5,655360,62259200
22405369,1746300767000,0,0,62521344
22405370,1746300779000,0,0,62128128
22405371,1746300791000,6,786432,61734912
22405372,1746300803000,6,786432,62128128
22405373,1746300815000,1,131072,62521344
22405374,1746300839000,0,0,62259200
22405375,1746300851000,5,655360,61865984
22405376,1746300863000,0,0,62128128
22405377,1746300875000,6,786432,61734912
22405378,1746300887000,6,786432,62128128
22405379,1746300899000,3,393216,62521344
22405380,1746300911000,1,131072,62521344
22405381,1746300923000,6,786432,62259200
22405382,1746300935000,3,393216,62652416
22405383,1746300947000,0,0,62652416
22405384,1746300959000,5,655360,62259200
22405385,1746300971000,6,786432,62521344
22405386,1746300983000,0,0,62914560
22405387,1746300995000,5,655360,62521344
22405388,1746301007000,3,393216,62783488
22405389,1746301019000,4,524288,62783488
22405390,1746301031000,6,786432,62914560
22405391,1746301043000,5,655360,63307776
22405392,1746301055000,1,131072,63569920
22405393,1746301067000,6,786432,63307776
22405394,1746301079000,3,393216,63700992
22405395,1746301091000,0,0,63700992
22405396,1746301103000,0,0,63307776
22405397,1746301115000,1,131072,62914560
22405398,1746301127000,6,786432,62652416
22405399,1746301139000,4,524288,63045632
22405400,1746301151000,0,0,63176704
22405401,1746301175000,6,786432,62783488
22405402,1746301187000,3,393216,63176704
22405403,1746301199000,4,524288,63176704
22405404,1746301211000,4,524288,63307776
22405405,1746301223000,6,786432,63438848
22405406,1746301235000,4,524288,63832064
22405407,1746301247000,5,655360,63963136
22405408,1746301259000,5,655360,64225280
22405409,1746301283000,0,0,64487424
22405410,1746301295000,4,524288,64094208
22405411,1746301307000,6,786432,64225280
22405412,1746301319000,0,0,64618496
22405413,1746301331000,0,0,64225280
22405414,1746301343000,6,786432,63832064
22405415,1746301355000,3,393216,64225280
22405416,1746301367000,0,0,64225280
22405417,1746301379000,6,786432,63832064
22405418,1746301391000,0,0,64225280
22405419,1746301403000,0,0,63832064
22405420,1746301415000,4,524288,63438848
22405421,1746301427000,6,786432,63569920
22405422,1746301439000,1,131072,63963136
22405423,1746301451000,3,393216,63700992
22405424,1746301463000,0,0,63700992
22405425,1746301475000,5,655360,63307776
22405426,1746301487000,4,524288,63569920
22405427,1746301499000,6,786432,63700992
22405428,1746301511000,0,0,64094208
22405429,1746301523000,6,786432,63700992
22405430,1746301535000,6,786432,64094208
22405431,1746301547000,4,524288,64487424
22405432,1746301559000,3,393216,64618496
22405433,1746301571000,5,655360,64618496
22405434,1746301583000,1,131072,64880640
22405435,1746301595000,3,393216,64618496
22405436,1746301607000,1,131072,64618496
22405437,1746301619000,5,655360,64356352
22405438,1746301631000,3,393216,64618496
22405439,1746301643000,1,131072,64618496
22405440,1746301655000,0,0,64356352
22405441,1746301667000,5,655360,63963136
22405442,1746301679000,1,131072,64225280
22405443,1746301691000,1,131072,63963136
22405444,1746301703000,4,524288,63700992
22405445,1746301715000,6,786432,63832064
22405446,1746301727000,0,0,64225280
22405447,1746301739000,1,131072,63832064
22405448,1746301751000,0,0,63569920
22405449,1746301763000,3,393216,63176704
22405450,1746301775000,6,786432,63176704
22405451,1746301787000,5,655360,63569920
22405452,1746301799000,0,0,63832064
22405453,1746301811000,5,655360,63438848
22405454,1746301823000,5,655360,63700992
22405455,1746301835000,3,393216,63963136
22405456,1746301847000,6,786432,63963136
22405457,1746301859000,5,655360,64356352
22405458,1746301871000,0,0,64618496
22405459,1746301883000,1,131072,64225280
22405460,1746301895000,2,262144,63963136
22405461,1746301907000,6,786432,63832064
22405462,1746301919000,3,393216,64225280
22405463,1746301931000,1,131072,64225280
22405464,1746301943000,1,131072,63963136
22405465,1746301955000,0,0,63700992
22405466,1746301967000,5,655360,63307776
22405467,1746301979000,4,524288,63569920
22405468,1746301991000,0,0,63700992
22405469,1746302003000,0,0,63307776
22405470,1746302015000,0,0,62914560
22405471,1746302027000,4,524288,62521344
22405472,1746302039000,0,0,62652416
22405473,1746302051000,3,393216,62259200
22405474,1746302063000,0,0,62259200
22405475,1746302075000,0,0,61865984
22405476,1746302087000,6,786432,61472768
22405477,1746302099000,5,655360,61865984
22405478,1746302111000,5,655360,62128128
22405479,1746302123000,4,524288,62390272
22405480,1746302135000,6,786432,62521344
22405481,1746302147000,4,524288,62914560
22405482,1746302159000,5,655360,63045632
22405483,1746302171000,4,524288,63307776
22405484,1746302183000,5,655360,63438848
22405485,1746302195000,0,0,63700992
22405486,1746302207000,4,524288,63307776
22405487,1746302219000,0,0,63438848
22405488,1746302231000,0,0,63045632
22405489,1746302243000,6,786432,62652416
22405490,1746302255000,4,524288,63045632
22405491,1746302267000,0,0,63176704
22405492,1746302279000,3,393216,62783488
22405493,1746302291000,5,655360,62783488
22405494,1746302303000,5,655360,63045632
22405495,1746302315000,0,0,63307776
22405496,1746302327000,2,262144,62914560
22405497,1746302339000,4,524288,62783488
22405498,1746302351000,5,655360,62914560
22405499,1746302363000,0,0,63176704
22405500,1746302375000,1,131072,62783488
22405501,1746302387000,1,131072,62521344
22405502,1746302399000,5,655360,62259200
22405503,1746302411000,3,393216,62521344
22405504,1746302423000,5,655360,62521344
22405505,1746302435000,0,0,62783488
22405506,1746302447000,6,786432,62390272
22405507,1746302459000,6,786432,62783488
22405508,1746302471000,5,655360,63176704
22405509,1746302483000,3,393216,63438848
22405510,1746302495000,6,786432,63438848
22405511,1746302507000,1,131072,63832064
22405512,1746302519000,0,0,63569920
22405513,1746302531000,1,131072,63176704
22405514,1746302543000,4,524288,62914560
22405515,1746302555000,6,786432,63045632
22405516,1746302567000,0,0,63438848
22405517,1746302579000,1,131072,63045632
22405518,1746302591000,0,0,62783488
22405519,1746302603000,5,655360,62390272
22405520,1746302615000,4,524288,62652416
22405521,1746302627000,4,524288,62783488
22405522,1746302639000,3,393216,62914560
22405523,1746302651000,6,786432,62914560
22405524,1746302663000,0,0,63307776
22405525,1746302675000,3,393216,62914560
22405526,1746302687000,6,786432,62914560
22405527,1746302699000,0,0,63307776
22405528,1746302711000,1,131072,62914560
22405529,1746302723000,0,0,62652416
22405530,1746302735000,1,131072,62259200
22405531,1746302747000,5,655360,61997056
22405532,1746302759000,5,655360,62259200
22405533,1746302771000,6,786432,62521344
22405534,1746302783000,0,0,62914560
22405535,1746302795000,1,131072,62521344
22405536,1746302807000,6,786432,62259200
22405537,1746302819000,6,786432,62652416
22405538,1746302831000,0,0,63045632
22405539,1746302843000,1,131072,62652416
22405540,1746302855000,1,131072,62390272
22405541,1746302867000,0,0,62128128
22405542,1746302879000,6,786432,61734912
22405543,1746302891000,4,524288,62128128
22405544,1746302903000,0,0,62259200
22405545,1746302915000,5,655360,61865984
22405546,1746302927000,0,0,62128128
22405547,1746302939000,1,131072,61734912
22405548,1746302951000,5,655360,61472768
22405549,1746302963000,3,393216,61734912
22405550,1746302975000,6,786432,61734912
22405551,1746302987000,2,262144,62128128
22405552,1746302999000,0,0,61997056
22405553,1746303011000,6,786432,61603840
22405554,1746303023000,5,655360,61997056
22405555,1746303035000,3,393216,62259200
22405556,1746303047000,0,0,62259200
22405557,1746303059000,6,786432,61865984
22405558,1746303071000,0,0,62259200
22405559,1746303083000,5,655360,61865984
22405560,1746303095000,5,655360,62128128
22405561,1746303107000,6,786432,62390272
22405562,1746303119000,6,786432,62783488
22405563,1746303131000,5,655360,63176704
22405564,1746303143000,0,0,63438848
22405565,1746303155000,5,655360,63045632
22405566,1746303167000,0,0,63307776
22405567,1746303179000,4,524288,62914560
22405568,1746303191000,5,655360,63045632
22405569,1746303203000,1,131072,63307776
22405570,1746303215000,0,0,63045632
22405571,1746303227000,6,786432,62652416
22405572,1746303239000,4,524288,63045632
22405573,1746303251000,0,0,63176704
22405574,1746303263000,0,0,62783488
22405575,1746303275000,6,786432,62390272
22405576,1746303287000,5,655360,62783488
22405577,1746303299000,0,0,63045632
22405578,1746303311000,6,786432,62652416
22405579,1746303323000,5,655360,63045632
22405580,1746303335000,3,393216,63307776
22405581,1746303347000,6,786432,63307776
22405582,1746303359000,3,393216,63700992
22405583,1746303371000,1,131072,63700992
22405584,1746303383000,4,524288,63438848
22405585,1746303395000,5,655360,63569920
22405586,1746303407000,5,655360,63832064
22405587,1746303419000,0,0,64094208
22405588,1746303431000,0,0,63700992
22405589,1746303443000,3,393216,63307776
22405590,1746303455000,6,786432,63307776
22405591,1746303467000,4,524288,63700992
22405592,1746303479000,0,0,63832064
22405593,1746303491000,6,786432,63438848
22405594,1746303503000,0,0,63832064
22405595,1746303515000,2,262144,63438848
22405596,1746303527000,3,393216,63307776
22405597,1746303539000,1,131072,63307776
22405598,1746303551000,6,786432,63045632
22405599,1746303563000,0,0,63438848
22405600,1746303575000,5,655360,63045632
22405601,1746303587000,2,262144,63307776
22405602,1746303599000,6,786432,63176704
22405603,1746303611000,0,0,63569920
22405604,1746303623000,4,524288,63176704
22405605,1746303635000,0,0,63307776
22405606,1746303647000,6,786432,62914560
22405607,1746303659000,0,0,63307776
22405608,1746303671000,4,524288,62914560
22405609,1746303683000,6,786432,63045632
22405610,1746303695000,0,0,63438848
22405611,1746303707000,6,786432,63045632
22405612,1746303719000,5,655360,63438848
22405613,1746303731000,0,0,63700992
22405614,1746303743000,1,131072,63307776
22405615,1746303755000,3,393216,63045632
22405616,1746303767000,5,655360,63045632
22405617,1746303779000,1,131072,63307776
22405618,1746303791000,0,0,63045632
22405619,1746303803000,5,655360,62652416
22405620,1746303815000,0,0,62914560
22405621,1746303827000,3,393216,62521344
22405622,1746303839000,0,0,62521344
22405623,1746303851000,1,131072,62128128
22405624,1746303863000,6,786432,61865984
22405625,1746303875000,0,0,62259200
22405626,1746303887000,0,0,61865984
22405627,1746303899000,3,393216,61472768
22405628,1746303911000,5,655360,61472768
22405629,1746303923000,6,786432,61734912
22405630,1746303935000,4,524288,62128128
22405631,1746303947000,0,0,62259200
22405632,1746303971000,3,393216,61865984
22405633,1746303983000,6,786432,61865984
22405634,1746303995000,0,0,62259200
22405635,1746304007000,5,655360,61865984
22405636,1746304019000,0,0,62128128
22405637,1746304043000,4,524288,61734912
22405638,1746304055000,0,0,61865984
22405639,1746304067000,5,655360,61472768
22405640,1746304079000,6,786432,61734912
22405641,1746304091000,5,655360,62128128
22405642,1746304103000,6,786432,62390272
22405643,1746304115000,1,131072,62783488
22405644,1746304127000,3,393216,62521344
22405645,1746304139000,3,393216,62521344
22405646,1746304151000,5,655360,62521344
22405647,1746304163000,0,0,62783488
22405648,1746304175000,1,131072,62390272
22405649,1746304187000,0,0,62128128
22405650,1746304199000,0,0,61734912
22405651,1746304211000,4,524288,61341696
22405652,1746304223000,5,655360,61472768
22405653,1746304235000,5,655360,61734912
22405654,1746304247000,6,786432,61997056
22405655,1746304259000,5,655360,62390272
22405656,1746304271000,6,786432,62652416
22405657,1746304283000,6,786432,63045632
22405658,1746304295000,6,786432,63438848
22405659,1746304307000,1,131072,63832064
22405660,1746304319000,1,131072,63569920
22405661,1746304331000,5,655360,63307776
22405662,1746304343000,6,786432,63569920
22405663,1746304355000,4,524288,63963136
22405664,1746304367000,5,655360,64094208
22405665,1746304379000,0,0,64356352
22405666,1746304391000,0,0,63963136
22405667,1746304403000,6,786432,63569920
22405668,1746304415000,5,655360,63963136
22405669,1746304427000,4,524288,64225280
22405670,1746304439000,5,655360,64356352
22405671,1746304451000,1,131072,64618496
22405672,1746304463000,0,0,64356352
22405673,1746304475000,3,393216,63963136
22405674,1746304487000,6,786432,63963136
22405675,1746304499000,0,0,64356352
22405676,1746304511000,4,524288,63963136
22405677,1746304523000,6,786432,64094208
22405678,1746304535000,0,0,64487424
22405679,1746304547000,3,393216,64094208
22405680,1746304559000,1,131072,64094208
22405681,1746304571000,5,655360,63832064
22405682,1746304583000,4,524288,64094208
22405683,1746304595000,1,131072,64225280
22405684,1746304607000,0,0,63963136
22405685,1746304619000,5,655360,63569920
22405686,1746304631000,1,131072,63832064
22405687,1746304643000,0,0,63569920
22405688,1746304655000,5,655360,63176704
22405689,1746304667000,5,655360,63438848
22405690,1746304679000,1,131072,63700992
22405691,1746304691000,0,0,63438848
22405692,1746304703000,6,786432,63045632
22405693,1746304715000,5,655360,63438848
22405694,1746304727000,3,393216,63700992
22405695,1746304739000,6,786432,63700992
22405696,1746304751000,0,0,64094208
22405697,1746304763000,5,655360,63700992
22405698,1746304775000,5,655360,63963136
22405699,1746304787000,4,524288,64225280
22405700,1746304799000,5,655360,64356352
22405701,1746304811000,4,524288,64618496
22405702,1746304823000,1,131072,64749568
22405703,1746304835000,6,786432,64487424
22405704,1746304847000,6,786432,64880640
22405705,1746304859000,0,0,65273856
22405706,1746304871000,0,0,64880640
22405707,1746304883000,6,786432,64487424
22405708,1746304895000,3,393216,64880640
22405709,1746304907000,0,0,64880640
22405710,1746304919000,6,786432,64487424
22405711,1746304931000,0,0,64880640
22405712,1746304943000,0,0,64487424
22405713,1746304955000,0,0,64094208
22405714,1746304967000,4,524288,63700992
22405715,1746304979000,5,655360,63832064
22405716,1746304991000,0,0,64094208
22405717,1746305003000,5,655360,63700992
22405718,1746305015000,3,393216,63963136
22405719,1746305027000,0,0,63963136
22405720,1746305039000,5,655360,63569920
22405721,1746305051000,0,0,63832064
22405722,1746305063000,4,524288,63438848
22405723,1746305075000,6,786432,63569920
22405724,1746305087000,5,655360,63963136
22405725,1746305099000,0,0,64225280
22405726,1746305111000,5,655360,63832064
22405727,1746305123000,3,393216,64094208
22405728,1746305135000,1,131072,64094208
22405729,1746305147000,0,0,63832064
22405730,1746305159000,5,655360,63438848
22405731,1746305171000,3,393216,63700992
22405732,1746305183000,0,0,63700992
22405733,1746305195000,3,393216,63307776
22405734,1746305207000,6,786432,63307776
22405735,1746305219000,6,786432,63700992
22405736,1746305231000,1,131072,64094208
22405737,1746305243000,0,0,63832064
22405738,1746305255000,6,786432,63438848
22405739,1746305267000,0,0,63832064
22405740,1746305279000,3,393216,63438848
22405741,1746305291000,0,0,63438848
22405742,1746305303000,5,655360,63045632
22405743,1746305315000,5,655360,63307776
22405744,1746305327000,1,131072,63569920
22405745,1746305339000,3,393216,63307776
22405746,1746305351000,0,0,63307776
22405747,1746305363000,4,524288,62914560
22405748,1746305375000,5,655360,63045632
22405749,1746305387000,3,393216,63307776
22405750,1746305399000,5,655360,63307776
22405751,1746305411000,4,524288,63569920
22405752,1746305423000,0,0,63700992
22405753,1746305435000,0,0,63307776
22405754,1746305447000,6,786432,62914560
22405755,1746305459000,6,786432,63307776
22405756,1746305471000,0,0,63700992
22405757,1746305483000,6,786432,63307776
22405758,1746305495000,0,0,63700992
22405759,1746305507000,0,0,63307776
22405760,1746305519000,4,524288,62914560
22405761,1746305531000,2,262144,63045632
22405762,1746305543000,5,655360,62914560
22405763,1746305567000,4,524288,63176704
22405764,1746305579000,0,0,63307776
22405765,1746305591000,3,393216,62914560
22405766,1746305603000,6,786432,62914560
22405767,1746305615000,0,0,63307776
22405768,1746305627000,6,786432,62914560
22405769,1746305639000,0,0,63307776
22405770,1746305651000,0,0,62914560
22405771,1746305663000,6,786432,62521344
22405772,1746305675000,0,0,62914560
22405773,1746305687000,1,131072,62521344
22405774,1746305699000,0,0,62259200
22405775,1746305711000,5,655360,61865984
22405776,1746305723000,3,393216,62128128
22405777,1746305735000,0,0,62128128
22405778,1746305747000,6,786432,61734912
22405779,1746305759000,2,262144,62128128
22405780,1746305771000,3,393216,61997056
22405781,1746305783000,6,786432,61997056
22405782,1746305795000,5,655360,62390272
22405783,1746305807000,1,131072,62652416
22405784,1746305819000,6,786432,62390272
22405785,1746305831000,0,0,62783488
22405786,1746305843000,0,0,62390272
22405787,1746305855000,4,524288,61997056
22405788,1746305867000,0,0,62128128
22405789,1746305879000,5,655360,61734912
22405790,1746305891000,0,0,61997056
22405791,1746305903000,0,0,61603840
22405792,1746305915000,4,524288,61210624
22405793,1746305927000,5,655360,61341696
22405794,1746305939000,3,393216,61603840
22405795,1746305951000,1,131072,61603840
22405796,1746305963000,0,0,61341696
22405797,1746305975000,6,786432,60948480
22405798,1746305987000,6,786432,61341696
22405799,1746305999000,3,393216,61734912
22405800,1746306011000,4,524288,61734912
22405801,1746306023000,6,786432,61865984
22405802,1746306035000,0,0,62259200
22405803,1746306047000,1,131072,61865984
22405804,1746306059000,5,655360,61603840
22405805,1746306071000,3,393216,61865984
22405806,1746306083000,6,786432,61865984
22405807,1746306095000,0,0,62259200
22405808,1746306107000,5,655360,61865984
22405809,1746306119000,6,786432,62128128
22405810,1746306131000,2,262144,62521344
22405811,1746306143000,3,393216,62390272
22405812,1746306155000,5,655360,62390272
22405813,1746306167000,4,524288,62652416
22405814,1746306179000,3,393216,62783488
22405815,1746306191000,0,0,62783488
22405816,1746306203000,5,655360,62390272
22405817,1746306215000,4,524288,62652416
22405818,1746306227000,0,0,62783488
22405819,1746306239000,2,262144,62390272
22405820,1746306251000,5,655360,62259200
22405821,1746306263000,1,131072,62521344
22405822,1746306275000,0,0,62259200
22405823,1746306287000,0,0,61865984
22405824,1746306299000,1,131072,61472768
22405825,1746306311000,5,655360,61210624
22405826,1746306323000,0,0,61472768
22405827,1746306335000,3,393216,61079552
22405828,1746306347000,6,786432,61079552
22405829,1746306359000,0,0,61472768
22405830,1746306371000,4,524288,61079552
22405831,1746306383000,3,393216,61210624
22405832,1746306395000,5,655360,61210624
22405833,1746306407000,5,655360,61472768
22405834,1746306419000,2,262144,61734912
22405835,1746306431000,3,393216,61603840
22405836,1746306443000,0,0,61603840
22405837,1746306455000,6,786432,61210624
22405838,1746306467000,5,655360,61603840
22405839,1746306479000,0,0,61865984
22405840,1746306491000,0,0,61472768
22405841,1746306503000,4,524288,61079552
22405842,1746306515000,6,786432,61210624
22405843,1746306527000,6,786432,61603840
22405844,1746306539000,4,524288,61997056
22405845,1746306551000,1,131072,62128128
22405846,1746306563000,0,0,61865984
22405847,1746306575000,3,393216,61472768
22405848,1746306587000,6,786432,61472768
22405849,1746306599000,3,393216,61865984
22405850,1746306611000,0,0,61865984
22405851,1746306623000,1,131072,61472768
22405852,1746306635000,6,786432,61210624
22405853,1746306647000,5,655360,61603840
22405854,1746306659000,0,0,61865984
22405855,1746306671000,4,524288,61472768
22405856,1746306683000,0,0,61603840
22405857,1746306695000,6,786432,61210624
22405858,1746306707000,6,786432,61603840
22405859,1746306719000,0,0,61997056
22405860,1746306731000,0,0,61603840
22405861,1746306743000,4,524288,61210624
22405862,1746306755000,0,0,61341696
22405863,1746306767000,6,786432,60948480
22405864,1746306779000,5,655360,61341696
22405865,1746306791000,3,393216,61603840
22405866,1746306803000,6,786432,61603840
22405867,1746306815000,5,655360,61997056
22405868,1746306827000,0,0,62259200
22405869,1746306839000,0,0,61865984
22405870,1746306851000,0,0,61472768
22405871,1746306863000,3,393216,61079552
22405872,1746306875000,0,0,61079552
22405873,1746306887000,6,786432,60686336
22405874,1746306899000,6,786432,61079552
22405875,1746306911000,0,0,61472768
22405876,1746306923000,0,0,61079552
22405877,1746306935000,5,655360,60686336
22405878,1746306947000,3,393216,60948480
22405879,1746306959000,5,655360,60948480
22405880,1746306971000,1,131072,61210624
22405881,1746306983000,0,0,60948480
22405882,1746306995000,3,393216,60555264
22405883,1746307007000,2,262144,60555264
22405884,1746307019000,3,393216,60424192
22405885,1746307031000,5,655360,60424192
22405886,1746307043000,1,131072,60686336
22405887,1746307055000,0,0,60424192
22405888,1746307067000,5,655360,60030976
22405889,1746307079000,0,0,60293120
22405890,1746307091000,3,393216,59899904
22405891,1746307103000,4,524288,59899904
22405892,1746307115000,5,655360,60030976
22405893,1746307127000,0,0,60293120
22405894,1746307139000,5,655360,59899904
22405895,1746307151000,0,0,60162048
22405896,1746307163000,3,393216,59768832
22405897,1746307175000,0,0,59768832
22405898,1746307187000,0,0,59375616
22405899,1746307199000,6,786432,58982400
22405900,1746307211000,6,786432,59375616
22405901,1746307223000,5,655360,59768832
22405902,1746307235000,0,0,60030976
22405903,1746307247000,4,524288,59637760
22405904,1746307259000,5,655360,59768832
22405905,1746307271000,6,786432,60030976
22405906,1746307283000,5,655360,60424192
22405907,1746307295000,1,131072,60686336
22405908,1746307307000,0,0,60424192
22405909,1746307319000,4,524288,60030976
22405910,1746307331000,6,786432,60162048
22405911,1746307343000,0,0,60555264
22405912,1746307355000,0,0,60162048
22405913,1746307367000,4,524288,59768832
22405914,1746307379000,0,0,59899904
22405915,1746307391000,6,786432,59506688
22405916,1746307403000,3,393216,59899904
22405917,1746307415000,6,786432,59899904
22405918,1746307427000,6,786432,60293120
22405919,1746307439000,6,786432,60686336
22405920,1746307451000,1,131072,61079552
22405921,1746307463000,3,393216,60817408
22405922,1746307475000,5,655360,60817408
22405923,1746307487000,0,0,61079552
22405924,1746307499000,6,786432,60686336
22405925,1746307511000,3,393216,61079552
22405926,1746307523000,3,393216,61079552
22405927,1746307535000,5,655360,61079552
22405928,1746307547000,0,0,61341696
22405929,1746307559000,4,524288,60948480
22405930,1746307571000,0,0,61079552
22405931,1746307583000,5,655360,60686336
22405932,1746307595000,0,0,60948480
22405933,1746307607000,0,0,60555264
22405934,1746307619000,4,524288,60162048
22405935,1746307631000,5,655360,60293120
22405936,1746307643000,6,786432,60555264
22405937,1746307655000,5,655360,60948480
22405938,1746307667000,6,786432,61210624
22405939,1746307679000,0,0,61603840
22405940,1746307691000,4,524288,61210624
22405941,1746307703000,6,786432,61341696
22405942,1746307715000,5,655360,61734912
22405943,1746307727000,6,786432,61997056
22405944,1746307739000,5,655360,62390272
22405945,1746307751000,0,0,62652416
22405946,1746307763000,6,786432,62259200
22405947,1746307775000,4,524288,62652416
22405948,1746307787000,0,0,62783488
22405949,1746307799000,1,131072,62390272
22405950,1746307811000,6,786432,62128128
22405951,1746307823000,0,0,62521344
22405952,1746307835000,0,0,62128128
22405953,1746307847000,6,786432,61734912
22405954,1746307859000,0,0,62128128
22405955,1746307871000,5,655360,61734912
22405956,1746307883000,5,655360,61997056
22405957,1746307895000,0,0,62259200
22405958,1746307907000,6,786432,61865984
22405959,1746307919000,5,655360,62259200
22405960,1746307931000,5,655360,62521344
22405961,1746307943000,0,0,62783488
22405962,1746307955000,6,786432,62390272
22405963,1746307967000,3,393216,62783488
22405964,1746307979000,1,131072,62783488
22405965,1746307991000,0,0,62521344
22405966,1746308003000,6,786432,62128128
22405967,1746308015000,5,655360,62521344
22405968,1746308027000,5,655360,62783488
22405969,1746308039000,5,655360,63045632
22405970,1746308051000,0,0,63307776
22405971,1746308063000,1,131072,62914560
22405972,1746308075000,4,524288,62652416
22405973,1746308087000,6,786432,62783488
22405974,1746308099000,0,0,63176704
22405975,1746308111000,5,655360,62783488
22405976,1746308123000,6,786432,63045632
22405977,1746308135000,0,0,63438848
22405978,1746308147000,0,0,63045632
22405979,1746308159000,6,786432,62652416
22405980,1746308171000,6,786432,63045632
22405981,1746308183000,5,655360,63438848
22405982,1746308195000,3,393216,63700992
22405983,1746308207000,6,786432,63700992
22405984,1746308219000,5,655360,64094208
22405985,1746308231000,3,393216,64356352
22405986,1746308243000,1,131072,64356352
22405987,1746308255000,6,786432,64094208
22405988,1746308267000,0,0,64487424
22405989,1746308279000,0,0,64094208
22405990,1746308291000,6,786432,63700992
22405991,1746308303000,3,393216,64094208
22405992,1746308315000,1,131072,64094208
22405993,1746308327000,6,786432,63832064
22405994,1746308339000,0,0,64225280
22405995,1746308351000,5,655360,63832064
22405996,1746308363000,0,0,64094208
22405997,1746308375000,6,786432,63700992
22405998,1746308387000,4,524288,64094208
22405999,1746308399000,5,655360,64225280
22406000,1746308411000,5,655360,64487424
22406001,1746308423000,2,262144,64749568
22406002,1746308435000,0,0,64618496
22406003,1746308447000,0,0,64225280
22406004,1746308459000,5,655360,63832064
22406005,1746308471000,3,393216,64094208
22406006,1746308483000,6,786432,64094208
22406007,1746308495000,5,655360,64487424
22406008,1746308507000,0,0,64749568
22406009,1746308519000,6,786432,64356352
22406010,1746308531000,6,786432,64749568
22406011,1746308543000,0,0,65142784
22406012,1746308555000,6,786432,64749568
22406013,1746308567000,2,262144,65142784
22406014,1746308579000,1,131072,65011712
22406015,1746308591000,4,524288,64749568
22406016,1746308603000,5,655360,64880640
22406017,1746308615000,6,786432,65142784
22406018,1746308627000,4,524288,65536000
22406019,1746308639000,1,131072,65667072
22406020,1746308651000,0,0,65404928
22406021,1746308663000,5,655360,65011712
22406022,1746308675000,3,393216,65273856
22406023,1746308687000,0,0,65273856
22406024,1746308699000,5,655360,64880640
22406025,1746308711000,4,524288,65142784
22406026,1746308723000,6,786432,65273856
22406027,1746308735000,0,0,65667072
22406028,1746308747000,6,786432,65273856
22406029,1746308759000,0,0,65667072
22406030,1746308771000,4,524288,65273856
22406031,1746308783000,0,0,65404928
22406032,1746308795000,6,786432,65011712
22406033,1746308807000,2,262144,65404928
22406034,1746308819000,0,0,65273856
22406035,1746308831000,4,524288,64880640
22406036,1746308843000,6,786432,65011712
22406037,1746308855000,1,131072,65404928
22406038,1746308867000,1,131072,65142784
22406039,1746308879000,0,0,64880640
22406040,1746308891000,0,0,64487424
22406041,1746308903000,4,524288,64094208
22406042,1746308915000,5,655360,64225280
22406043,1746308927000,6,786432,64487424
22406044,1746308939000,4,524288,64880640
22406045,1746308951000,1,131072,65011712
22406046,1746308963000,3,393216,64749568
22406047,1746308975000,6,786432,64749568
22406048,1746308987000,6,786432,65142784
22406049,1746308999000,0,0,65536000
22406050,1746309011000,1,131072,65142784
22406051,1746309023000,0,0,64880640
22406052,1746309035000,3,393216,64487424
22406053,1746309047000,6,786432,64487424
22406054,1746309059000,6,786432,64880640
22406055,1746309083000,5,655360,65273856
22406056,1746309095000,6,786432,65536000
22406057,1746309107000,3,393216,65929216
22406058,1746309119000,3,393216,65929216
22406059,1746309131000,6,786432,65929216
22406060,1746309143000,6,786432,66322432
22406061,1746309155000,0,0,66715648
22406062,1746309167000,5,655360,66322432
22406063,1746309179000,0,0,66584576
22406064,1746309191000,6,786432,66191360
22406065,1746309203000,0,0,66584576
22406066,1746309215000,0,0,66191360
22406067,1746309227000,4,524288,65798144
22406068,1746309239000,5,655360,65929216
22406069,1746309251000,1,131072,66191360
22406070,1746309263000,0,0,65929216
22406071,1746309275000,3,393216,65536000
22406072,1746309287000,6,786432,65536000
22406073,1746309299000,0,0,65929216
22406074,1746309311000,0,0,65536000
22406075,1746309323000,4,524288,65142784
22406076,1746309335000,6,786432,65273856
22406077,1746309347000,1,131072,65667072
22406078,1746309359000,4,524288,65404928
22406079,1746309371000,0,0,65536000
22406080,1746309383000,6,786432,65142784
22406081,1746309395000,0,0,65536000
22406082,1746309407000,5,655360,65142784
22406083,1746309419000,1,131072,65404928
22406084,1746309431000,3,393216,65142784
22406085,1746309443000,0,0,65142784
22406086,1746309455000,0,0,64749568
22406087,1746309467000,6,786432,64356352
22406088,1746309479000,6,786432,64749568
22406089,1746309491000,0,0,65142784
22406090,1746309503000,6,786432,64749568
22406091,1746309515000,6,786432,65142784
22406092,1746309527000,1,131072,65536000
22406093,1746309539000,1,131072,65273856
22406094,1746309551000,5,655360,65011712
22406095,1746309563000,0,0,65273856
22406096,1746309575000,1,131072,64880640
22406097,1746309587000,0,0,64618496
22406098,1746309599000,4,524288,64225280
22406099,1746309611000,5,655360,64356352
22406100,1746309623000,0,0,64618496
22406101,1746309635000,5,655360,64225280
22406102,1746309647000,0,0,64487424
22406103,1746309659000,0,0,64094208
22406104,1746309671000,5,655360,63700992
22406105,1746309683000,4,524288,63963136
22406106,1746309695000,1,131072,64094208
22406107,1746309707000,0,0,63832064
22406108,1746309719000,0,0,63438848
22406109,1746309731000,0,0,63045632
22406110,1746309743000,5,655360,62652416
22406111,1746309755000,6,786432,62914560
22406112,1746309767000,5,655360,63307776
22406113,1746309779000,4,524288,63569920
22406114,1746309791000,6,786432,63700992
22406115,1746309803000,0,0,64094208
22406116,1746309815000,5,655360,63700992
22406117,1746309827000,5,655360,63963136
22406118,1746309839000,6,786432,64225280
22406119,1746309851000,0,0,64618496
22406120,1746309863000,6,786432,64225280
22406121,1746309875000,0,0,64618496
22406122,1746309887000,0,0,64225280
22406123,1746309899000,4,524288,63832064
22406124,1746309911000,5,655360,63963136
22406125,1746309923000,0,0,64225280
22406126,1746309935000,3,393216,63832064
22406127,1746309947000,6,786432,63832064
22406128,1746309959000,0,0,64225280
22406129,1746309971000,6,786432,63832064
22406130,1746309983000,6,786432,64225280
22406131,1746309995000,1,131072,64618496
22406132,1746310007000,0,0,64356352
22406133,1746310019000,0,0,63963136
22406134,1746310031000,0,0,63569920
22406135,1746310043000,4,524288,63176704
22406136,1746310055000,5,655360,63307776
22406137,1746310067000,6,786432,63569920
22406138,1746310079000,5,655360,63963136
22406139,1746310091000,0,0,64225280
22406140,1746310103000,0,0,63832064
22406141,1746310115000,6,786432,63438848
22406142,1746310127000,6,786432,63832064
22406143,1746310139000,0,0,64225280
22406144,1746310151000,1,131072,63832064
22406145,1746310163000,0,0,63569920
22406146,1746310175000,5,655360,63176704
22406147,1746310187000,0,0,63438848
22406148,1746310199000,4,524288,63045632
22406149,1746310211000,5,655360,63176704
22406150,1746310223000,6,786432,63438848
22406151,1746310235000,0,0,63832064
22406152,1746310247000,6,786432,63438848
22406153,1746310259000,6,786432,63832064
22406154,1746310271000,6,786432,64225280
22406155,1746310283000,4,524288,64618496
22406156,1746310295000,3,393216,64749568
22406157,1746310307000,6,786432,64749568
22406158,1746310319000,1,131072,65142784
22406159,1746310331000,3,393216,64880640
22406160,1746310343000,5,655360,64880640
22406161,1746310355000,1,131072,65142784
22406162,1746310367000,0,0,64880640
22406163,1746310379000,5,655360,64487424
22406164,1746310391000,0,0,64749568
22406165,1746310403000,4,524288,64356352
22406166,1746310415000,5,655360,64487424
22406167,1746310427000,0,0,64749568
22406168,1746310439000,6,786432,64356352
22406169,1746310451000,5,655360,64749568
22406170,1746310463000,0,0,65011712
22406171,1746310475000,1,131072,64618496
22406172,1746310487000,3,393216,64356352
22406173,1746310499000,3,393216,64356352
22406174,1746310511000,6,786432,64356352
22406175,1746310523000,1,131072,64749568
22406176,1746310535000,5,655360,64487424
22406177,1746310547000,2,262144,64749568
22406178,1746310559000,3,393216,64618496
22406179,1746310571000,5,655360,64618496
22406180,1746310583000,0,0,64880640
22406181,1746310595000,1,131072,64487424
22406182,1746310607000,0,0,64225280
22406183,1746310619000,5,655360,63832064
22406184,1746310631000,0,0,64094208
22406185,1746310643000,3,393216,63700992
22406186,1746310655000,0,0,63700992
22406187,1746310667000,5,655360,63307776
22406188,1746310679000,1,131072,63569920
22406189,1746310691000,4,524288,63307776
22406190,1746310703000,5,655360,63438848
22406191,1746310715000,0,0,63700992
22406192,1746310727000,4,524288,63307776
22406193,1746310739000,5,655360,63438848
22406194,1746310751000,5,655360,63700992
22406195,1746310763000,1,131072,63963136
22406196,1746310775000,3,393216,63700992
22406197,1746310787000,6,786432,63700992
22406198,1746310799000,4,524288,64094208
22406199,1746310811000,6,786432,64225280
22406200,1746310823000,0,0,64618496
22406201,1746310835000,3,393216,64225280
22406202,1746310847000,6,786432,64225280
22406203,1746310859000,3,393216,64618496
22406204,1746310871000,0,0,64618496
22406205,1746310883000,5,655360,64225280
22406206,1746310895000,1,131072,64487424
22406207,1746310907000,6,786432,64225280
22406208,1746310919000,6,786432,64618496
22406209,1746310931000,5,655360,65011712
22406210,1746310943000,5,655360,65273856
22406211,1746310955000,0,0,65536000
22406212,1746310967000,1,131072,65142784
22406213,1746310979000,5,655360,64880640
22406214,1746310991000,0,0,65142784
22406215,1746311003000,3,393216,64749568
22406216,1746311015000,6,786432,64749568
22406217,1746311027000,2,262144,65142784
22406218,1746311039000,5,655360,65011712
22406219,1746311051000,6,786432,65273856
22406220,1746311063000,3,393216,65667072
22406221,1746311075000,6,786432,65667072
22406222,1746311087000,0,0,66060288
22406223,1746311099000,1,131072,65667072
22406224,1746311111000,3,393216,65404928
22406225,1746311123000,0,0,65404928
22406226,1746311135000,5,655360,65011712
22406227,1746311147000,0,0,65273856
22406228,1746311159000,4,524288,64880640
22406229,1746311171000,0,0,65011712
22406230,1746311183000,6,786432,64618496
22406231,1746311195000,1,131072,65011712
22406232,1746311207000,1,131072,64749568
22406233,1746311219000,6,786432,64487424
22406234,1746311231000,3,393216,64880640
22406235,1746311243000,0,0,64880640
22406236,1746311255000,1,131072,64487424
22406237,1746311267000,0,0,64225280
22406238,1746311279000,6,786432,63832064
22406239,1746311291000,3,393216,64225280
22406240,1746311303000,1,131072,64225280
22406241,1746311315000,0,0,63963136
22406242,1746311327000,0,0,63569920
22406243,1746311351000,5,655360,63176704
22406244,1746311363000,5,655360,63438848
22406245,1746311375000,4,524288,63700992
22406246,1746311387000,6,786432,63832064
22406247,1746311399000,4,524288,64225280
22406248,1746311411000,5,655360,64356352
22406249,1746311423000,5,655360,64618496
22406250,1746311435000,5,655360,64880640
22406251,1746311447000,0,0,65142784
22406252,1746311459000,3,393216,64749568
22406253,1746311471000,6,786432,64749568
22406254,1746311483000,0,0,65142784
22406255,1746311495000,0,0,64749568
22406256,1746311507000,6,786432,64356352
22406257,1746311519000,4,524288,64749568
22406258,1746311531000,3,393216,64880640
22406259,1746311543000,0,0,64880640
22406260,1746311555000,6,786432,64487424
22406261,1746311567000,3,393216,64880640
22406262,1746311579000,1,131072,64880640
22406263,1746311591000,0,0,64618496
22406264,1746311603000,5,655360,64225280
22406265,1746311615000,3,393216,64487424
22406266,1746311627000,5,655360,64487424
22406267,1746311639000,0,0,64749568
22406268,1746311651000,0,0,64356352
22406269,1746311663000,6,786432,63963136
22406270,1746311675000,3,393216,64356352
22406271,1746311687000,5,655360,64356352
22406272,1746311699000,0,0,64618496
22406273,1746311711000,5,655360,64225280
22406274,1746311723000,2,262144,64487424
22406275,1746311735000,0,0,64356352
22406276,1746311747000,3,393216,63963136
22406277,1746311759000,6,786432,63963136
22406278,1746311771000,4,524288,64356352
22406279,1746311783000,0,0,64487424
22406280,1746311795000,6,786432,64094208
22406281,1746311807000,0,0,64487424
22406282,1746311819000,0,0,64094208
22406283,1746311831000,4,524288,63700992
22406284,1746311843000,5,655360,63832064
22406285,1746311855000,1,131072,64094208
22406286,1746311867000,1,131072,63832064
22406287,1746311879000,5,655360,63569920
22406288,1746311891000,1,131072,63832064
22406289,1746311903000,6,786432,63569920
22406290,1746311915000,1,131072,63963136
22406291,1746311927000,0,0,63700992
22406292,1746311939000,5,655360,63307776
22406293,1746311951000,1,131072,63569920
22406294,1746311963000,0,0,63307776
22406295,1746311975000,3,393216,62914560
22406296,1746311987000,0,0,62914560
22406297,1746311999000,0,0,62521344
22406298,1746312011000,6,786432,62128128
22406299,1746312023000,0,0,62521344
22406300,1746312035000,5,655360,62128128
22406301,1746312047000,5,655360,62390272
22406302,1746312059000,0,0,62652416
22406303,1746312071000,6,786432,62259200
22406304,1746312083000,5,655360,62652416
22406305,1746312095000,5,655360,62914560
22406306,1746312107000,0,0,63176704
22406307,1746312119000,4,524288,62783488
22406308,1746312131000,6,786432,62914560
22406309,1746312143000,0,0,63307776
22406310,1746312155000,5,655360,62914560
22406311,1746312167000,0,0,63176704
22406312,1746312179000,2,262144,62783488
22406313,1746312191000,3,393216,62652416
22406314,1746312203000,5,655360,62652416
22406315,1746312215000,4,524288,62914560
22406316,1746312227000,0,0,63045632
22406317,1746312239000,0,0,62652416
22406318,1746312251000,0,0,62259200
22406319,1746312263000,5,655360,61865984
22406320,1746312275000,5,655360,62128128
22406321,1746312287000,0,0,62390272
22406322,1746312299000,0,0,61997056
22406323,1746312311000,5,655360,61603840
22406324,1746312323000,0,0,61865984
22406325,1746312335000,1,131072,61472768
22406326,1746312347000,3,393216,61210624
22406327,1746312359000,0,0,61210624
22406328,1746312371000,1,131072,60817408
22406329,1746312383000,6,786432,60555264
22406330,1746312395000,5,655360,60948480
22406331,1746312407000,0,0,61210624
22406332,1746312419000,3,393216,60817408
22406333,1746312431000,3,393216,60817408
22406334,1746312443000,4,524288,60817408
22406335,1746312455000,5,655360,60948480
22406336,1746312467000,0,0,61210624
22406337,1746312479000,5,655360,60817408
22406338,1746312491000,5,655360,61079552
22406339,1746312503000,3,393216,61341696
22406340,1746312515000,1,131072,61341696
22406341,1746312527000,1,131072,61079552
22406342,1746312539000,5,655360,60817408
22406343,1746312551000,0,0,61079552
22406344,1746312563000,4,524288,60686336
22406345,1746312575000,6,786432,60817408
22406346,1746312587000,0,0,61210624
22406347,1746312599000,0,0,60817408
22406348,1746312611000,5,655360,60424192
22406349,1746312623000,0,0,60686336
22406350,1746312635000,4,524288,60293120
22406351,1746312647000,3,393216,60424192
22406352,1746312659000,6,786432,60424192
22406353,1746312671000,5,655360,60817408
22406354,1746312683000,6,786432,61079552
22406355,1746312695000,1,131072,61472768
22406356,1746312707000,3,393216,61210624
22406357,1746312719000,2,262144,61210624
22406358,1746312731000,6,786432,61079552
22406359,1746312743000,0,0,61472768
22406360,1746312755000,0,0,61079552
22406361,1746312767000,0,0,60686336
22406362,1746312779000,3,393216,60293120
22406363,1746312791000,6,786432,60293120
22406364,1746312803000,5,655360,60686336
22406365,1746312815000,0,0,60948480
22406366,1746312827000,0,0,60555264
22406367,1746312839000,5,655360,60162048
22406368,1746312851000,0,0,60424192
22406369,1746312863000,4,524288,60030976
22406370,1746312875000,0,0,60162048
22406371,1746312887000,3,393216,59768832
22406372,1746312899000,0,0,59768832
22406373,1746312911000,6,786432,59375616
22406374,1746312923000,5,655360,59768832
22406375,1746312935000,5,655360,60030976
22406376,1746312947000,1,131072,60293120
22406377,1746312959000,1,131072,60030976
22406378,1746312971000,0,0,59768832
22406379,1746312983000,5,655360,59375616
22406380,1746312995000,6,786432,59637760
22406381,1746313007000,0,0,60030976
22406382,1746313019000,1,131072,59637760
22406383,1746313031000,5,655360,59375616
22406384,1746313043000,0,0,59637760
22406385,1746313055000,1,131072,59244544
22406386,1746313067000,3,393216,58982400
22406387,1746313079000,5,655360,58982400
22406388,1746313091000,1,131072,59244544
22406389,1746313103000,1,131072,58982400
22406390,1746313115000,0,0,58720256
22406391,1746313127000,3,393216,58327040
22406392,1746313139000,4,524288,58327040
22406393,1746313151000,3,393216,58458112
22406394,1746313163000,5,655360,58458112
22406395,1746313175000,6,786432,58720256
22406396,1746313187000,6,786432,59113472
22406397,1746313199000,1,131072,59506688
22406398,1746313211000,4,524288,59244544
22406399,1746313223000,0,0,59375616
22406400,1746313235000,0,0,58982400
22406401,1746313247000,0,0,58589184
22406402,1746313259000,6,786432,58195968
22406403,1746313271000,0,0,58589184
22406404,1746313283000,3,393216,58195968
22406405,1746313295000,6,786432,58195968
22406406,1746313307000,5,655360,58589184
22406407,1746313319000,4,524288,58851328
22406408,1746313331000,6,786432,58982400
22406409,1746313343000,0,0,59375616
22406410,1746313355000,3,393216,58982400
22406411,1746313367000,0,0,58982400
22406412,1746313379000,5,655360,58589184
22406413,1746313391000,0,0,58851328
22406414,1746313403000,0,0,58458112
22406415,1746313415000,1,131072,58064896
22406416,1746313427000,4,524288,57802752
22406417,1746313439000,6,786432,57933824
22406418,1746313451000,1,131072,58327040
22406419,1746313463000,0,0,58064896
22406420,1746313475000,6,786432,57671680
22406421,1746313487000,3,393216,58064896
22406422,1746313499000,5,655360,58064896
22406423,1746313511000,0,0,58327040
22406424,1746313523000,6,786432,57933824
22406425,1746313535000,6,786432,58327040
22406426,1746313547000,3,393216,58720256
22406427,1746313559000,0,0,58720256
22406428,1746313571000,6,786432,58327040
22406429,1746313583000,6,786432,58720256
22406430,1746313595000,0,0,59113472
22406431,1746313607000,0,0,58720256
22406432,1746313619000,5,655360,58327040
22406433,1746313631000,6,786432,58589184
22406434,1746313643000,1,131072,58982400
22406435,1746313655000,6,786432,58720256
22406436,1746313667000,1,131072,59113472
22406437,1746313679000,5,655360,58851328
22406438,1746313691000,1,131072,59113472
22406439,1746313703000,3,393216,58851328
22406440,1746313715000,3,393216,58851328
22406441,1746313727000,6,786432,58851328
22406442,1746313739000,0,0,59244544
22406443,1746313751000,0,0,58851328
22406444,1746313763000,1,131072,58458112
22406445,1746313775000,5,655360,58195968
22406446,1746313787000,3,393216,58458112
22406447,1746313799000,1,131072,58458112
22406448,1746313811000,1,131072,58195968
22406449,1746313823000,0,0,57933824
22406450,1746313835000,6,786432,57540608
22406451,1746313847000,0,0,57933824
22406452,1746313859000,6,786432,57540608
22406453,1746313871000,5,655360,57933824
22406454,1746313883000,0,0,58195968
22406455,1746313895000,1,131072,57802752
22406456,1746313907000,1,131072,57540608
22406457,1746313919000,3,393216,57278464
22406458,1746313931000,5,655360,57278464
22406459,1746313943000,3,393216,57540608
22406460,1746313955000,5,655360,57540608
22406461,1746313967000,6,786432,57802752
22406462,1746313979000,5,655360,58195968
22406463,1746313991000,0,0,58458112
22406464,1746314003000,3,393216,58064896
22406465,1746314015000,6,786432,58064896
22406466,1746314027000,0,0,58458112
22406467,1746314039000,0,0,58064896
22406468,1746314051000,1,131072,57671680
22406469,1746314063000,5,655360,57409536
22406470,1746314075000,6,786432,57671680
22406471,1746314087000,1,131072,58064896
22406472,1746314099000,3,393216,57802752
22406473,1746314111000,6,786432,57802752
22406474,1746314123000,0,0,58195968
22406475,1746314135000,5,655360,57802752
22406476,1746314147000,2,262144,58064896
22406477,1746314159000,3,393216,57933824
22406478,1746314171000,0,0,57933824
22406479,1746314183000,5,655360,57540608
22406480,1746314195000,0,0,57802752
22406481,1746314207000,1,131072,57409536
22406482,1746314219000,0,0,57147392
22406483,1746314231000,0,0,56754176
22406484,1746314243000,0,0,56360960
22406485,1746314255000,6,786432,55967744
22406486,1746314267000,0,0,56360960
22406487,1746314279000,5,655360,55967744
22406488,1746314291000,4,524288,56229888
22406489,1746314303000,6,786432,56360960
22406490,1746314315000,6,786432,56754176
22406491,1746314327000,6,786432,57147392
22406492,1746314339000,0,0,57540608
22406493,1746314351000,0,0,57147392
22406494,1746314363000,4,524288,56754176
22406495,1746314375000,5,655360,56885248
22406496,1746314387000,1,131072,57147392
22406497,1746314399000,6,786432,56885248
22406498,1746314411000,1,131072,57278464
22406499,1746314423000,6,786432,57016320
22406500,1746314435000,3,393216,57409536
22406501,1746314447000,0,0,57409536
22406502,1746314459000,1,131072,57016320
22406503,1746314471000,5,655360,56754176
22406504,1746314483000,0,0,57016320
22406505,1746314507000,4,524288,56623104
22406506,1746314519000,5,655360,56754176
22406507,1746314531000,0,0,57016320
22406508,1746314543000,5,655360,56623104
22406509,1746314555000,0,0,56885248
22406510,1746314579000,6,786432,56492032
22406511,1746314591000,5,655360,56885248
22406512,1746314603000,6,786432,57147392
22406513,1746314615000,0,0,57540608
22406514,1746314627000,6,786432,57147392
22406515,1746314639000,5,655360,57540608
22406516,1746314651000,4,524288,57802752
22406517,1746314663000,3,393216,57933824
22406518,1746314675000,0,0,57933824
22406519,1746314687000,3,393216,57540608
22406520,1746314699000,6,786432,57540608
22406521,1746314711000,6,786432,57933824
22406522,1746314723000,4,524288,58327040
22406523,1746314735000,5,655360,58458112
22406524,1746314747000,0,0,58720256
22406525,1746314759000,0,0,58327040
22406526,1746314771000,5,655360,57933824
22406527,1746314783000,0,0,58195968
22406528,1746314795000,6,786432,57802752
22406529,1746314807000,6,786432,58195968
22406530,1746314819000,0,0,58589184
22406531,1746314831000,1,131072,58195968
22406532,1746314843000,0,0,57933824
22406533,1746314855000,5,655360,57540608
22406534,1746314867000,4,524288,57802752
22406535,1746314879000,0,0,57933824
22406536,1746314891000,0,0,57540608
22406537,1746314903000,5,655360,57147392
22406538,1746314915000,5,655360,57409536
22406539,1746314927000,0,0,57671680
22406540,1746314939000,5,655360,57278464
22406541,1746314951000,3,393216,57540608
22406542,1746314963000,5,655360,57540608
22406543,1746314975000,5,655360,57802752
22406544,1746314987000,6,786432,58064896
22406545,1746314999000,0,0,58458112
22406546,1746315011000,0,0,58064896
22406547,1746315023000,6,786432,57671680
22406548,1746315035000,6,786432,58064896
22406549,1746315047000,5,655360,58458112
22406550,1746315059000,1,131072,58720256
22406551,1746315071000,0,0,58458112
22406552,1746315083000,6,786432,58064896
22406553,1746315095000,5,655360,58458112
22406554,1746315107000,6,786432,58720256
22406555,1746315119000,6,786432,59113472
22406556,1746315131000,0,0,59506688
22406557,1746315143000,6,786432,59113472
22406558,1746315155000,4,524288,59506688
22406559,1746315167000,5,655360,59637760
22406560,1746315179000,0,0,59899904
22406561,1746315191000,6,786432,59506688
22406562,1746315203000,0,0,59899904
22406563,1746315215000,0,0,59506688
22406564,1746315227000,6,786432,59113472
22406565,1746315239000,6,786432,59506688
22406566,1746315251000,6,786432,59899904
22406567,1746315263000,5,655360,60293120
22406568,1746315287000,3,393216,60555264
22406569,1746315299000,5,655360,60555264
22406570,1746315311000,0,0,60817408
22406571,1746315323000,5,655360,60424192
22406572,1746315335000,5,655360,60686336
22406573,1746315347000,5,655360,60948480
22406574,1746315359000,5,655360,61210624
22406575,1746315371000,0,0,61472768
22406576,1746315383000,5,655360,61079552
22406577,1746315395000,5,655360,61341696
22406578,1746315407000,5,655360,61603840
22406579,1746315419000,0,0,61865984
22406580,1746315431000,3,393216,61472768
22406581,1746315443000,3,393216,61472768
22406582,1746315455000,5,655360,61472768
22406583,1746315467000,6,786432,61734912
22406584,1746315479000,0,0,62128128
22406585,1746315491000,0,0,61734912
22406586,1746315503000,6,786432,61341696
22406587,1746315515000,3,393216,61734912
22406588,1746315527000,5,655360,61734912
22406589,1746315539000,6,786432,61997056
22406590,1746315551000,6,786432,62390272
22406591,1746315563000,0,0,62783488
22406592,1746315575000,6,786432,62390272
22406593,1746315587000,4,524288,62783488
22406594,1746315599000,0,0,62914560
22406595,1746315611000,3,393216,62521344
22406596,1746315623000,6,786432,62521344
22406597,1746315635000,0,0,62914560
22406598,1746315647000,6,786432,62521344
22406599,1746315659000,3,393216,62914560
22406600,1746315671000,1,131072,62914560
22406601,1746315683000,0,0,62652416
22406602,1746315695000,5,655360,62259200
22406603,1746315707000,0,0,62521344
22406604,1746315719000,6,786432,62128128
22406605,1746315731000,0,0,62521344
22406606,1746315743000,6,786432,62128128
22406607,1746315755000,5,655360,62521344
22406608,1746315779000,6,786432,62783488
22406609,1746315791000,0,0,63176704
22406610,1746315803000,6,786432,62783488
22406611,1746315815000,0,0,63176704
22406612,1746315827000,6,786432,62783488
22406613,1746315839000,4,524288,63176704
22406614,1746315851000,5,655360,63307776
22406615,1746315863000,1,131072,63569920
22406616,1746315875000,5,655360,63307776
22406617,1746315887000,0,0,63569920
22406618,1746315899000,5,655360,63176704
22406619,1746315911000,5,655360,63438848
22406620,1746315923000,3,393216,63700992
22406621,1746315935000,4,524288,63700992
22406622,1746315947000,0,0,63832064
22406623,1746315959000,5,655360,63438848
22406624,1746315971000,4,524288,63700992
22406625,1746315983000,0,0,63832064
22406626,1746315995000,5,655360,63438848
22406627,1746316007000,6,786432,63700992
22406628,1746316019000,6,786432,64094208
22406629,1746316031000,0,0,64487424
22406630,1746316043000,0,0,64094208
22406631,1746316055000,6,786432,63700992
22406632,1746316067000,5,655360,64094208
22406633,1746316079000,0,0,64356352
22406634,1746316091000,4,524288,63963136
22406635,1746316103000,5,655360,64094208
22406636,1746316115000,0,0,64356352
22406637,1746316127000,6,786432,63963136
22406638,1746316139000,1,131072,64356352
22406639,1746316151000,0,0,64094208
22406640,1746316163000,3,393216,63700992
22406641,1746316175000,5,655360,63700992
22406642,1746316187000,0,0,63963136
22406643,1746316199000,6,786432,63569920
22406644,1746316211000,4,524288,63963136
22406645,1746316223000,4,524288,64094208
22406646,1746316235000,6,786432,64225280
22406647,1746316247000,0,0,64618496
22406648,1746316259000,1,131072,64225280
22406649,1746316271000,6,786432,63963136
22406650,1746316283000,3,393216,64356352
22406651,1746316295000,3,393216,64356352
22406652,1746316307000,0,0,64356352
22406653,1746316319000,6,786432,63963136
22406654,1746316331000,0,0,64356352
22406655,1746316343000,0,0,63963136
22406656,1746316355000,6,786432,63569920
22406657,1746316367000,0,0,63963136
22406658,1746316379000,4,524288,63569920
22406659,1746316391000,4,524288,63700992
22406660,1746316403000,5,655360,63832064
22406661,1746316415000,1,131072,64094208
22406662,1746316427000,6,786432,63832064
22406663,1746316439000,4,524288,64225280
22406664,1746316451000,5,655360,64356352
22406665,1746316463000,0,0,64618496
22406666,1746316475000,6,786432,64225280
22406667,1746316487000,0,0,64618496
22406668,1746316499000,6,786432,64225280
22406669,1746316511000,3,393216,64618496
22406670,1746316523000,6,786432,64618496
22406671,1746316535000,0,0,65011712
22406672,1746316547000,0,0,64618496
22406673,1746316559000,6,786432,64225280
22406674,1746316571000,1,131072,64618496
22406675,1746316583000,4,524288,64356352
22406676,1746316595000,0,0,64487424
22406677,1746316607000,0,0,64094208
22406678,1746316619000,6,786432,63700992
22406679,1746316631000,6,786432,64094208
22406680,1746316643000,0,0,64487424
22406681,1746316667000,6,786432,64094208
22406682,1746316679000,4,524288,64487424
22406683,1746316691000,0,0,64618496
22406684,1746316703000,1,131072,64225280
22406685,1746316715000,0,0,63963136
22406686,1746316727000,4,524288,63569920
22406687,1746316739000,5,655360,63700992
22406688,1746316751000,3,393216,63963136
22406689,1746316763000,1,131072,63963136
22406690,1746316775000,5,655360,63700992
22406691,1746316787000,0,0,63963136
22406692,1746316799000,4,524288,63569920
